5616098 3109893 1706559 922146 490405 256095 130781 65021 31351 14210 6248 2302 1009 227 74 23 12 5 1 0 0 0 0 0 0 0 0 0 0 0 0 0 0 0 0 0 0 0 0 0 0 0 0 0 0 0 0 0 0 0 0 0 0 0 0 0 0 0 0 0
332146 373539 310317 226699 151771 96460 57246 32816 17879 9426 4688 2124 986 474 157 52 20 9 5 3 1 1 1 0 0 0 0 0 0 0 0 0 0 0 0 0 0 0 0 0 0 0 0 0 0 0 0 0 0 0 0 0 0 0 0 0 0 0 0 0
157473 188852 166561 128801 92123 61245 38211 22752 13033 6769 3479 1692 308 150 76 36 17 8 2 0 0 0 0 0 0 0 0 0 0 0 0 0 0 0 0 0 0 0 0 0 0 0 0 0 0 0 0 0 0 0 0 0 0 0 0 0 0 0 0 0
202713 238853 207410 157779 111047 73785 47012 28397 16624 9189 4386 1836 601 256 93 28 9 3 2 0 0 0 0 0 0 0 0 0 0 0 0 0 0 0 0 0 0 0 0 0 0 0 0 0 0 0 0 0 0 0 0 0 0 0 0 0 0 0 0 0
250626 299321 265332 205598 146787 97749 61989 36347 20746 11429 6109 2782 1012 329 139 79 46 22 10 6 4 2 1 1 0 0 0 0 0 0 0 0 0 0 0 0 0 0 0 0 0 0 0 0 0 0 0 0 0 0 0 0 0 0 0 0 0 0 0 0
298362 362370 324898 255245 185272 127520 84314 52260 30619 16446 8422 4217 1685 477 202 76 40 28 9 2 0 0 0 0 0 0 0 0 0 0 0 0 0 0 0 0 0 0 0 0 0 0 0 0 0 0 0 0 0 0 0 0 0 0 0 0 0 0 0 0
335489 414030 376913 301727 224252 156489 104677 66975 40951 23988 13373 7404 3599 1359 321 149 70 34 20 7 3 3 2 1 1 0 0 0 0 0 0 0 0 0 0 0 0 0 0 0 0 0 0 0 0 0 0 0 0 0 0 0 0 0 0 0 0 0 0 0
360330 452957 419728 341066 257311 182766 124114 81523 50492 30873 18113 9881 4770 1925 807 231 102 49 23 13 8 5 3 1 1 1 1 1 1 0 0 0 0 0 0 0 0 0 0 0 0 0 0 0 0 0 0 0 0 0 0 0 0 0 0 0 0 0 0 0
375913 481243 456502 380920 294274 214034 148354 97652 61719 37517 21709 11316 5958 2592 790 280 105 61 37 16 7 2 2 3 4 1 0 0 0 0 0 0 0 0 0 0 0 0 0 0 0 0 0 0 0 0 0 0 0 0 0 0 0 0 0 0 0 0 0 0
369400 485884 471264 399168 314009 233977 166049 112728 73491 45684 27431 15654 8319 3951 1653 461 168 82 36 20 9 7 3 1 0 0 0 0 0 1 0 0 0 0 0 0 0 0 0 0 0 0 0 0 0 0 0 0 0 0 0 0 0 0 0 0 0 0 0 0
348105 476319 476967 418062 337104 256659 185402 128458 86037 55356 33782 19857 10856 5454 2492 998 288 102 48 24 13 10 5 3 2 1 1 0 0 0 0 0 0 0 0 0 0 0 0 0 0 0 0 0 0 0 0 0 0 0 0 0 0 0 0 0 0 0 0 0
309477 442370 461199 418447 348387 272810 205233 147528 100908 67151 41875 25039 14402 7774 3893 1815 613 227 99 56 32 17 13 7 3 2 2 1 0 0 0 0 0 0 0 0 0 0 0 0 0 0 0 0 0 0 0 0 0 0 0 0 0 0 0 0 0 0 0 0
263248 399549 434339 409007 351364 282865 215054 158788 111948 75336 48880 30114 18170 10299 5698 2740 1333 355 95 36 21 6 2 2 1 1 0 0 0 0 0 0 0 0 0 0 0 0 0 0 0 0 0 0 0 0 0 0 0 0 0 0 0 0 0 0 0 0 0 0
211402 347063 401580 397476 352922 292111 227178 168761 121497 83759 55241 34876 20626 11697 6119 2975 1103 335 148 75 37 14 8 3 2 2 0 0 0 0 0 0 0 0 0 0 0 0 0 0 0 0 0 0 0 0 0 0 0 0 0 0 0 0 0 0 0 0 0 0
158357 291421 363075 373128 345719 296716 242607 187001 138947 98983 67205 43689 27427 16223 9236 4782 2050 755 200 84 30 15 11 7 4 3 1 1 0 0 0 0 0 0 0 0 0 0 0 0 0 0 0 0 0 0 0 0 0 0 0 0 0 0 0 0 0 0 0 0
116352 246798 330288 362179 346946 305067 253463 200669 150510 107420 73242 48348 30355 18508 10808 5672 2584 1110 315 125 53 31 19 8 0 1 0 0 1 1 1 1 1 1 1 1 1 1 0 0 0 0 0 0 0 0 0 0 0 0 0 0 0 0 0 0 0 0 0 0
89450 213983 305978 345035 343336 312924 266721 213392 163333 118864 82966 55801 36536 22724 13286 7186 3441 1508 665 295 94 36 20 15 8 4 1 1 1 0 0 0 0 0 0 0 0 0 0 0 0 0 0 0 0 0 0 0 0 0 0 0 0 0 0 0 0 0 0 0
65408 184412 279473 330529 337949 314410 274604 226621 177618 133633 96729 66816 43809 27628 16642 9528 4945 2555 1070 308 120 47 20 10 7 4 3 2 1 1 0 0 0 0 0 0 0 0 0 0 0 0 0 0 0 0 0 0 0 0 0 0 0 0 0 0 0 0 0 0
47381 157154 257622 315894 331788 317089 280312 234986 187140 142282 104794 74882 51124 33655 20630 12255 6491 3013 1046 339 175 96 49 27 15 8 4 3 3 1 0 0 0 0 0 0 0 0 0 0 0 0 0 0 0 0 0 0 0 0 0 0 0 0 0 0 0 0 0 0
33298 138971 240713 305864 331549 323018 293060 250544 204193 157955 117790 84923 58262 38545 24300 14672 8305 4424 2006 747 173 88 46 28 17 8 3 0 0 0 0 0 0 0 0 0 0 0 0 0 0 0 0 0 0 0 0 0 0 0 0 0 0 0 0 0 0 0 0 0
22482 117518 216897 289370 323499 323457 299753 262451 218310 173796 132534 96763 66952 44697 28391 17199 9739 4783 2357 1040 382 121 65 37 24 11 6 1 2 1 1 1 1 0 0 0 0 0 0 0 0 0 0 0 0 0 0 0 0 0 0 0 0 0 0 0 0 0 0 0
14531 102046 198248 270495 310811 320192 304794 272388 229269 184625 142228 105015 74838 51090 33054 19753 11629 6449 3135 1442 593 192 73 34 23 11 10 6 4 3 1 0 0 0 0 0 0 0 0 0 0 0 0 0 0 0 0 0 0 0 0 0 0 0 0 0 0 0 0 0
9249 87482 179147 257067 303407 318640 306540 278422 239123 194605 152187 115823 84098 59269 40010 26129 16060 9396 4829 2238 1074 486 219 81 36 21 11 3 2 0 0 0 0 0 0 0 0 0 0 0 0 0 0 0 0 0 0 0 0 0 0 0 0 0 0 0 0 0 0 0
5615 73190 159799 235617 285208 306671 301257 278667 243509 202843 162298 124281 91741 65082 44792 28985 18194 11003 6264 3204 1532 408 124 53 27 20 7 3 1 0 1 1 0 1 1 1 1 0 0 0 0 0 0 0 0 0 0 0 0 0 0 0 0 0 0 0 0 0 0 0
3313 60408 140711 213854 267492 295250 297897 279078 249556 214531 174227 135633 101867 73108 50582 33451 21055 13004 7412 3522 1416 437 178 100 58 26 14 4 4 3 2 2 1 0 0 0 0 0 0 0 0 0 0 0 0 0 0 0 0 0 0 0 0 0 0 0 0 0 0 0
1806 50204 121097 192900 249011 281310 292213 283390 257637 223161 185487 148364 113997 83750 59166 40207 26463 15877 9078 4758 2279 1002 186 73 32 15 7 5 3 1 0 0 0 0 0 0 0 0 1 0 0 0 0 0 0 0 0 0 0 0 0 0 0 0 0 0 0 0 0 0
958 42488 106709 176602 235048 274098 287272 283568 262453 231818 195740 156929 122019 91903 66786 46249 30727 19166 11517 6016 2977 1303 566 177 62 37 19 9 8 6 2 1 0 0 0 0 0 0 0 0 0 0 0 0 0 0 0 0 0 0 0 0 0 0 0 0 0 0 0 0
539 34323 92845 159405 218823 259351 279678 280991 265525 238893 203880 167217 133388 101085 73880 52070 35345 22569 13835 7958 3703 1653 629 165 83 47 27 10 3 0 0 1 1 1 0 0 0 0 0 0 0 0 0 0 0 0 0 0 0 0 0 0 0 0 0 0 0 0 0 0
261 28347 79683 141967 200197 245409 271452 276346 267712 247042 216777 182037 145669 112375 83348 60353 41440 26995 16931 10162 5118 2164 707 265 104 51 36 15 9 6 4 4 2 0 0 0 0 0 0 0 0 0 0 0 0 0 0 0 0 0 0 0 0 0 0 0 0 0 0 0
115 23350 70072 129074 188300 235142 263426 273558 266253 248130 219107 184981 150458 118462 89306 64239 45752 31128 19184 11323 6316 3113 1418 568 197 88 42 27 16 9 6 2 2 2 2 1 0 0 0 0 0 0 0 0 0 0 0 0 0 0 0 0 0 0 0 0 0 0 0 0
63 18812 60503 116995 173251 221171 252845 268881 268048 251405 225608 195231 162223 129231 98664 72853 52028 35464 23235 14131 7948 4192 1961 685 206 82 45 18 10 4 2 0 0 0 1 0 0 0 0 0 0 0 0 0 0 0 0 0 0 0 0 0 0 0 0 0 0 0 0 0
30 14566 51798 103749 158955 206888 241801 259653 262432 252297 230780 201687 168887 135926 105440 80045 57619 39445 26035 16686 9677 5369 2413 1062 324 116 62 33 13 7 1 0 0 0 0 0 0 0 0 0 0 0 0 0 0 0 0 0 0 0 0 0 0 0 0 0 0 0 0 0
8 11287 44049 90955 143352 191630 229749 251931 257729 250938 233095 206753 176178 144971 113510 86545 64293 45101 30121 19176 11724 6590 3395 1646 710 184 89 43 14 6 4 4 2 0 0 0 0 1 1 0 0 0 0 0 0 0 0 0 0 0 0 0 0 0 0 0 0 0 0 0
1 8717 37364 82241 133842 184111 222178 246622 258116 255359 242359 218105 186932 154702 123940 94634 69424 49386 34425 23320 14325 8218 4073 1306 451 144 77 50 30 18 11 6 3 1 0 0 0 0 0 0 0 0 0 0 0 0 0 0 0 0 0 0 0 0 0 0 0 0 0 0
2 6533 31334 71467 121073 168615 209500 235605 253144 255980 245912 225919 198980 166926 135849 105531 79523 57430 40227 27262 17516 10193 5567 3031 1177 325 77 38 20 11 8 6 3 1 1 0 0 0 0 0 0 0 0 0 0 0 0 0 0 0 0 0 0 0 0 0 0 0 0 0
0 4730 26199 62895 108765 155597 195755 226209 243835 248054 241589 223953 200772 171939 141382 113352 87299 65295 46141 30983 19611 12107 6963 3309 1522 509 100 51 26 18 7 3 1 1 0 0 0 0 0 0 0 0 0 0 0 0 0 0 0 0 0 0 0 0 0 0 0 0 0 0
0 3489 22748 56087 98930 145350 187234 218919 239466 246512 242562 227999 205958 180730 152260 122515 95341 71863 52084 36282 24081 15178 8572 4633 2334 1121 547 94 47 20 14 9 8 5 2 3 0 0 0 1 0 0 0 0 0 0 0 0 0 0 0 0 0 0 0 0 0 0 0 0
0 2433 18929 48558 87818 130901 172236 207006 231979 244631 244850 233213 213846 187374 159166 130198 101618 77185 56993 39867 27530 17652 10741 5880 2902 1196 492 171 54 30 13 10 7 4 2 0 1 0 0 0 0 0 0 0 0 0 0 0 0 0 0 0 0 0 0 0 0 0 0 0
0 1747 15979 42700 78496 117822 158052 192770 217592 232039 237585 231110 216277 194634 169026 140551 111708 86399 64088 45707 31904 20975 13298 7394 3509 1493 497 164 74 46 20 11 5 3 1 0 0 0 0 0 0 0 0 0 0 0 0 0 0 0 0 0 0 0 0 0 0 0 0 0
0 1196 13284 37519 71676 111110 150991 186174 211733 227396 233108 229603 216425 196139 171695 144861 117005 91838 68999 49989 34542 22655 14713 8535 4791 2365 1067 259 89 41 16 10 5 4 2 2 0 0 0 1 0 0 0 0 0 0 0 0 0 0 0 0 0 0 0 0 0 0 0 0
0 735 11245 32845 63362 101498 142303 179110 206543 223506 231021 229922 218976 199677 176807 151203 125294 100563 76097 55890 39921 26515 16748 10434 5782 2943 1275 419 94 43 26 20 10 4 2 0 1 1 0 0 0 0 0 0 0 0 0 0 0 0 0 0 0 0 0 0 0 0 0 0
0 533 9213 29004 57803 93832 132476 169329 198372 217829 229081 229200 223072 208178 185793 161014 133755 107565 83765 62452 44865 31261 20474 12721 7323 3884 1855 701 228 57 32 19 13 3 1 2 2 1 1 1 1 1 1 0 0 0 0 0 0 0 0 0 0 0 0 0 0 0 0 0
0 332 7521 24785 51725 85809 122793 159527 190916 214860 227957 232226 225753 212554 192625 167150 140870 115489 90962 69224 50795 35308 23388 14840 8753 4860 2093 803 131 71 39 19 9 5 3 2 1 1 0 0 0 0 0 0 0 0 0 0 0 0 0 0 0 0 0 0 0 0 0 0
0 207 6089 22017 46067 77195 112412 148075 179072 203973 220796 228700 227378 215476 197182 174227 148566 122675 97828 75013 55402 39943 26750 17429 10742 6133 3133 1527 606 114 52 27 13 11 7 4 2 1 0 0 0 0 0 0 0 0 0 0 0 0 0 0 0 0 0 0 0 0 0 0
0 137 4909 18676 41215 70074 103246 138132 169854 195438 212901 222575 223050 215304 199054 177979 154270 129427 104364 81506 61388 45147 31251 20751 12956 7586 3958 1922 700 158 61 43 24 16 6 4 2 0 0 0 0 0 0 0 0 0 0 0 0 0 0 0 0 0 0 0 0 0 0 0
0 92 3974 15827 36180 63654 94900 127399 157693 183894 201612 214826 218051 213735 202119 185077 162436 137931 113871 89799 68152 49900 35307 23762 15091 8851 4732 2268 877 328 115 56 33 16 10 7 6 3 0 0 0 0 0 0 0 0 0 0 0 0 0 0 0 0 0 0 0 0 0 0
0 54 3019 13792 32526 57396 88372 120931 153748 182479 202755 216777 221457 217960 207025 190284 168693 144396 118854 94612 73127 55283 40505 28135 18820 11834 6593 3353 1485 452 209 67 34 18 8 5 1 0 0 0 1 0 0 0 0 0 0 0 0 0 0 0 0 0 0 0 0 0 0 0
0 27 2551 11698 28816 52241 79959 110495 141936 171040 193268 209310 215471 215008 208143 194183 174139 151121 127223 102449 78931 59585 43470 30358 19726 12340 7378 4056 2096 1022 342 74 28 19 9 4 1 1 0 0 0 0 0 0 0 0 0 0 0 0 0 0 0 0 0 0 0 0 0 0
0 10 1900 9724 25161 46440 73614 102738 132159 160168 184542 202895 212340 215274 210750 197856 179904 156120 133775 110567 87300 67201 48557 34425 23500 15110 9056 5060 2466 1004 173 69 34 19 12 9 8 4 3 0 0 0 0 0 0 0 0 0 0 0 0 0 0 0 0 0 0 0 0 0
0 6 1372 8429 22753 42671 67105 94503 124122 152227 175714 194885 207541 211240 207252 197624 184701 164920 142002 117866 94620 72220 53270 37191 25063 16482 9983 5445 2757 1286 496 150 43 19 17 10 5 6 4 3 3 1 0 0 0 0 0 0 0 0 0 0 0 0 0 0 0 0 0 0
0 10 1083 7030 19644 38538 61553 88567 118302 146751 171486 190035 203575 208766 208533 200703 187142 167814 147705 124994 102522 80071 59914 42827 29994 19803 12349 7204 3853 1899 708 202 58 30 13 9 6 2 3 2 1 0 0 0 0 0 0 0 0 0 0 0 0 0 0 0 0 0 0 0
0 2 837 5693 17125 34629 56771 81969 110641 139569 164932 184824 198464 206849 207394 201704 189438 173109 152710 130682 108027 85592 65820 47685 34187 22982 14640 8574 4537 2073 824 285 127 61 23 13 8 6 4 2 1 0 0 0 0 0 0 0 0 0 0 0 0 0 0 0 0 0 0 0
0 4 615 5028 15339 31402 52215 75761 101392 128031 154142 175508 193647 205081 206393 204217 193083 178443 159331 138254 115798 93023 71522 53817 37726 25703 16924 10444 6008 3179 1513 696 158 45 27 12 5 0 0 0 1 2 0 0 0 0 0 0 0 0 0 0 0 0 0 0 0 0 0 0
0 3 460 4092 13311 28217 47624 70617 94945 119969 146816 167658 186811 198606 204264 203564 195432 182092 162323 140963 118944 96351 76337 57372 40621 27324 18480 11923 7281 3920 1934 589 180 74 37 14 11 8 6 3 1 1 0 0 0 0 0 0 0 0 0 0 0 0 0 0 0 0 0 0
0 1 300 3387 11464 25259 44002 66027 89732 114719 139224 161886 180494 193921 200483 200308 194703 181991 166683 148139 127431 105259 83557 63489 46963 33717 23001 14273 8275 4524 2110 968 399 156 49 24 13 9 6 3 1 1 1 1 1 1 0 0 0 0 0 0 0 0 0 0 0 0 0 0
0 0 246 2730 9999 23014 40158 60250 82825 107240 132693 155211 173346 188118 196869 198900 195558 184998 169388 152366 132427 110533 90003 69964 52738 37749 25662 16520 9536 5215 2963 1306 455 96 53 25 17 12 7 4 1 0 0 0 0 0 0 0 0 0 0 0 0 0 0 0 0 0 0 0
0 0 174 2304 8525 20372 36264 56042 78243 101398 125219 147390 168504 184772 195009 198800 197984 190793 178621 161293 140956 119263 97979 77957 58673 43358 30791 20409 12864 7223 3559 1661 678 259 63 29 17 10 7 2 2 0 0 0 0 0 0 0 0 0 0 0 0 0 0 0 0 0 0 0
0 0 135 1871 7385 18327 33196 52580 72110 94697 119054 142526 162875 179339 189984 195741 194271 186316 175484 159821 142032 121678 102416 82688 63265 46385 33144 22667 14348 8074 4416 2241 940 301 86 34 14 12 7 5 2 3 3 2 1 1 0 0 0 0 0 0 0 0 0 0 0 0 0 0
0 0 89 1447 6340 15963 30278 47950 68035 89212 112962 136182 156273 174093 186717 194829 196632 194027 184020 168503 150130 131743 109890 88724 69723 51859 36842 24451 15459 9650 5660 2907 1395 562 125 49 21 12 5 2 1 2 1 1 1 1 2 0 0 0 0 0 0 0 0 0 0 0 0 0
0 0 59 1173 5336 13868 27244 43822 63311 83914 105851 128995 151037 168683 182841 190958 194164 191461 183263 170403 152481 133974 115042 95587 75415 56664 40709 28692 19062 11748 6462 3422 1604 662 329 100 39 25 8 4 2 1 0 0 0 0 0 0 0 0 0 0 0 0 0 0 0 0 0 0
0 0 32 896 4695 12593 24853 40713 58493 78552 99187 121256 141887 161271 177443 186779 192253 192509 185951 175224 160861 143019 123648 102086 82074 63210 46124 32577 22433 13797 7627 4004 1962 737 274 88 42 17 9 8 8 7 4 2 2 1 0 0 0 0 0 0 0 0 0 0 0 0 0 0
0 0 27 777 3955 11044 22154 37034 54606 73340 92335 113341 133778 153250 170235 181930 190576 191982 188376 178460 163652 146275 126726 106222 84392 65961 49824 36160 25182 16367 9969 5715 2985 1388 580 124 54 25 9 5 3 1 2 1 1 1 2 2 2 2 2 0 0 0 0 0 0 0 0 0
0 0 7 560 3294 9651 20064 34156 50708 69172 89732 110817 130858 149528 166909 178465 186464 190005 186790 178033 166592 150714 132096 111680 91917 73530 55974 41396 28816 19340 12094 7051 4015 1959 727 245 51 21 12 13 5 4 5 4 1 1 0 0 0 0 0 0 0 0 0 0 0 0 0 0
0 0 14 457 2778 8567 18382 31435 46727 64310 82727 103120 123284 140949 156922 170108 180177 184969 185085 180613 170316 155570 138145 120030 99915 80404 62329 46238 33329 21768 13481 7850 4249 2228 958 260 61 28 22 17 14 7 2 2 1 0 0 0 0 0 0 0 0 0 0 0 0 0 0 0
0 0 6 350 2319 7215 16386 29042 44661 61190 78647 97720 116705 136238 154826 171001 182050 189139 189023 184632 174219 160486 143296 125924 106294 85200 65822 49324 35276 24308 15675 9238 5215 2803 1380 581 101 43 27 13 12 5 5 5 3 3 1 1 0 0 0 0 0 0 0 0 0 0 0 0
0 0 3 288 1941 6568 14825 26392 40915 57329 74869 92993 112329 131743 149938 164788 176177 181518 184512 181977 173527 161390 145276 127902 108452 89782 71000 54789 39900 27732 18173 11180 6250 3286 1545 574 207 43 20 10 6 3 0 0 0 0 0 0 0 0 0 0 0 0 0 0 0 0 0 0
0 0 5 203 1632 5579 12932 24113 38234 53832 70294 88051 106569 124541 143015 158663 170259 179427 183859 183423 177949 167791 154326 137896 119303 97550 76671 58857 44418 31957 21710 13671 7631 4238 2072 974 330 86 21 10 6 5 1 2 1 0 0 1 0 0 0 0 0 0 0 0 0 0 0 0
0 0 0 165 1313 4923 11756 22072 35454 50261 66038 82716 100217 118602 135810 149527 162590 173260 180584 180840 177299 168136 153949 138079 121453 103037 83337 65270 48960 35395 24165 15335 9073 4638 2339 1086 454 118 25 15 10 7 3 2 1 0 0 0 0 0 0 1 1 0 0 0 0 0 0 0
0 0 0 136 1158 4238 10315 19700 32108 45993 60976 77245 94420 113458 132408 150926 163763 173947 180320 181848 178476 171020 157861 142784 125764 107343 88883 70394 54127 40024 27783 17851 10433 5851 3028 1427 616 247 57 23 12 5 5 5 2 0 1 1 1 0 0 0 0 1 1 1 1 1 1 0
0 0 0 104 893 3378 8983 17890 30385 44381 58663 73012 89645 107678 124911 142645 156879 168573 177294 181236 179966 174214 163458 149626 134217 116205 96934 78381 61060 45465 32938 21956 13851 7927 4201 2200 1053 472 209 54 26 12 8 5 3 0 0 0 0 0 0 0 0 0 0 0 0 0 0 0
0 0 1 56 740 3063 8123 16295 27977 40978 55422 70355 86050 102365 119165 136068 149664 162544 172111 178310 179697 175370 165807 152832 137773 121734 102572 83949 65304 48913 35363 24618 16123 9473 5079 2740 1192 405 99 43 17 13 9 4 4 2 0 0 0 0 0 0 0 0 0 0 0 0 0 0
0 0 0 50 635 2640 7173 14722 25604 38216 52052 66453 80827 97566 114906 131365 147207 160336 168704 174136 177318 174372 166376 155955 142599 126859 108417 88898 70022 53522 39329 27346 18114 11371 6647 3581 1717 714 234 57 21 5 6 3 1 2 0 0 0 0 0 1 1 1 0 0 0 0 0 0
0 0 1 35 492 2351 6263 13285 23228 35875 49313 63132 78146 93726 109477 126231 141891 154443 164576 172894 175947 174470 168203 157580 143546 127275 110627 92248 74674 58382 43593 31167 20677 12845 7563 4131 1825 835 386 77 30 17 10 3 3 2 1 1 1 1 1 0 0 0 0 0 0 0 0 0
0 0 0 19 404 1888 5721 12060 21378 32704 46312 59951 74814 90152 105965 121083 136130 149975 161978 170160 175957 176379 172667 163596 151189 136004 118214 98218 79534 62665 46549 33566 22550 14300 8741 4806 2293 904 420 164 44 18 13 6 4 3 2 1 1 0 0 0 0 0 0 0 0 0 0 0
0 0 0 22 296 1597 4871 10802 19628 31071 43757 57275 70843 84727 98708 115053 131068 146070 158060 167514 173708 175511 172518 165317 153397 138703 122200 104058 85641 68717 52656 38386 26298 17329 11034 6314 3279 1530 648 226 63 23 8 5 5 1 0 0 0 0 0 0 0 0 0 0 0 0 0 0
0 0 1 8 266 1349 4128 9484 17616 28375 40759 54074 67585 80403 94840 110586 126133 139977 152363 162326 169109 172613 172045 166813 156780 143359 128796 110045 91721 73836 56710 41598 29906 20181 12540 7321 4061 2166 933 456 113 68 35 11 6 3 2 1 1 1 1 0 0 0 0 0 0 0 0 0
0 0 0 12 190 1104 3605 8587 15959 26247 38428 51358 64138 77586 91555 106975 122800 136709 148785 159100 166343 171854 173006 167734 159722 147840 134353 116583 97365 78657 61969 46879 33646 22806 14423 8825 4902 2544 1101 470 189 48 29 20 11 4 3 1 0 0 0 0 0 0 0 0 0 0 0 0
0 0 0 4 162 957 3206 7642 14642 24385 35820 48203 60573 73534 87298 102491 117459 131426 145090 156351 165278 171407 171462 167496 161094 149983 137095 121990 104167 85986 67464 51416 37110 25308 16387 10231 5837 2812 1255 495 248 99 30 15 12 9 5 3 0 0 0 0 0 0 0 0 0 0 0 0
0 0 0 6 113 765 2717 6811 13432 22608 33623 45511 58131 70017 83008 98206 112832 126977 140173 151525 161360 168395 171013 168719 162668 152664 141161 126321 109627 91424 72517 55865 41081 28377 18433 11125 6568 3501 1467 557 192 76 29 14 9 7 5 4 4 2 1 0 0 0 0 0 0 0 0 0
0 0 0 6 85 636 2411 6190 11977 20700 31326 43381 55706 67423 79814 91997 106572 120149 133945 146185 156628 164675 168321 168425 165066 155929 144537 130646 113874 96543 79008 62245 47453 34342 23162 14367 8467 4439 2214 1015 241 84 37 24 13 8 8 3 4 1 1 1 1 0 0 0 0 0 0 0
0 0 0 3 68 536 2057 5518 11181 19211 28913 40400 52439 64544 76240 88208 102007 116377 129594 141308 151347 160562 168170 169038 165012 157861 146137 133334 118014 100973 83541 65746 50184 36538 25399 15985 9481 5293 2706 1189 538 91 32 24 11 7 3 3 4 2 0 0 0 0 0 0 0 0 0 1
0 0 0 1 59 480 1875 4794 9908 17525 27263 38052 49840 61516 72262 84067 96771 111714 125757 138082 148767 156928 163819 165033 164555 159583 150829 138747 123857 106847 89629 71757 55328 41071 28781 19175 11567 6584 3611 1846 863 291 91 27 14 11 10 4 2 0 0 0 0 0 0 0 0 0 0 0
0 0 0 1 40 388 1543 4204 8910 15961 25090 35821 47504 58701 70819 82476 94824 107354 119887 132413 144413 152893 161408 165211 165074 160603 152268 141576 128038 111754 94068 76046 59566 44445 31745 21716 13842 8024 4276 1991 956 321 95 43 13 10 6 2 2 3 2 1 0 1 1 0 0 0 0 0
0 0 0 2 28 309 1351 3727 7994 14488 23308 33745 44638 56613 68109 79193 90755 103419 115980 128901 139383 150496 158881 163979 165126 163635 156824 146447 131942 116172 98926 81517 65107 49490 35547 24273 15968 9490 4968 2463 995 289 85 30 11 9 6 4 1 0 0 0 0 0 0 0 0 0 0 0
0 0 0 0 27 275 1123 3296 7275 13118 21709 31676 42609 54059 65040 75610 86147 98658 111484 124249 135640 146746 155619 161803 164829 162340 156921 147646 134755 119728 103990 88085 69401 54006 39811 27848 18341 11607 6531 3430 1420 584 120 34 26 22 9 2 1 1 0 0 0 0 0 0 0 0 0 0
0 0 0 1 17 204 938 2849 6495 12346 20219 29235 39793 50879 61400 71816 82835 95658 108835 121146 133669 144199 155834 163591 166485 167398 163098 153984 143315 128383 112098 93569 76162 58987 42994 30399 19976 12577 7305 3977 1829 636 203 43 16 15 8 4 3 3 2 0 0 0 0 0 0 0 0 0
0 0 0 0 18 163 800 2423 5743 11036 18408 27628 37910 48553 58962 68985 79553 91127 103515 115944 127733 138229 148038 155133 159056 160347 158780 153197 143515 130787 116302 99242 81033 64139 47908 34006 23355 14782 9101 5088 2583 1211 447 102 40 22 13 8 4 3 1 2 0 0 0 0 0 0 0 0
0 0 0 0 9 137 672 2075 5086 9873 16880 25628 35658 45839 56155 66659 76669 87109 99717 111538 124159 135574 145663 155336 161366 164209 161777 155571 145939 132498 117300 101719 84839 68072 52762 38808 27848 18204 11051 6355 3278 1637 589 223 100 24 11 7 4 4 1 1 0 0 0 0 0 0 0 0
0 0 0 0 9 105 556 1813 4592 8961 15628 23890 33705 44395 54945 64652 74628 84960 95371 107261 118636 129496 141094 151105 158538 160543 159931 156169 147796 137020 124268 109448 92506 74273 57562 42395 30243 20223 12480 7003 3326 1597 666 251 65 18 12 7 8 6 0 0 0 0 0 0 0 0 0 0
0 0 0 0 6 100 473 1595 4064 8276 14286 22437 31655 41582 51807 61973 71515 81839 93006 105366 116864 126417 137327 146783 154789 160670 161205 159382 153199 143473 129998 114165 97912 80482 63503 47834 34018 22625 14815 8823 4663 2155 789 243 76 38 24 10 7 5 4 3 0 0 1 1 0 0 0 0
0 0 0 0 3 80 401 1438 3594 7556 13208 20888 29831 39847 49745 59395 68346 77604 88302 100248 111353 122547 132589 142793 149980 155443 157465 155389 150047 142241 131810 117272 100943 83462 67039 52485 39170 27537 18037 10715 6055 3241 1441 594 245 37 24 17 6 5 3 1 1 0 0 0 0 0 0 0
0 0 0 0 3 53 330 1196 3201 6680 12100 19105 27563 37185 46961 57680 67527 76806 85624 96691 107797 118931 129478 141010 148710 156016 158952 158716 155923 149576 138721 125505 108658 90090 72659 56918 42413 30402 20513 13020 7692 4221 1878 656 187 68 22 14 7 3 5 2 3 2 1 0 0 0 0 0
0 0 0 0 3 27 301 1054 2883 6237 11156 18084 26311 35697 45603 54889 64732 74001 83113 93971 104764 115469 124529 135258 144906 150918 154761 156693 153577 147037 138100 126646 111874 96043 79315 62116 46381 33296 22559 14107 8439 4439 2183 968 380 136 24 14 10 6 5 2 3 2 2 2 1 0 0 0
0 0 0 0 2 28 238 914 2438 5492 10140 16655 24518 33736 43629 53107 62608 71131 79728 89348 100266 111830 122109 132220 142049 150350 155959 158064 156587 150436 141625 129430 115409 99831 82716 64924 49448 35623 24613 16153 9607 5172 2424 1114 380 167 44 19 6 4 3 3 1 0 0 0 0 0 0 0
0 0 0 0 1 22 154 744 2130 4921 9216 15437 23004 31768 41223 50342 59758 68117 76850 86260 95661 106290 117331 128513 137932 146379 153178 156625 156642 153268 145663 134710 122170 107255 90400 73377 56828 41940 29495 19549 11711 6888 3610 1492 611 267 49 19 8 7 8 2 2 0 0 1 0 1 0 0
0 0 0 0 0 12 158 719 1979 4367 8267 13889 21341 29645 38917 48074 57090 66525 75248 84437 93705 103338 113222 124123 134682 143680 151325 155869 157244 154221 147218 137800 125301 110125 94004 76741 60182 44662 31937 21141 13880 8117 4472 2243 880 392 118 24 9 9 7 7 6 1 0 0 0 0 1 1
0 0 0 0 0 15 121 579 1762 4018 7747 13235 20186 28088 37112 46600 55459 63973 72223 80564 90296 100141 109852 119677 130378 138990 145912 152147 154409 153047 147748 140685 128661 115612 99402 81308 65157 50043 36499 24453 15782 9393 5148 2523 1119 389 141 33 18 8 5 3 2 2 0 0 0 0 0 0
0 0 0 0 0 13 109 488 1463 3559 6940 11814 18534 26624 35187 44354 53561 61599 69781 77529 85872 95961 106649 116172 125938 134958 143391 149235 153837 153396 149788 142937 132974 120370 105615 87918 69743 53684 38844 27016 17623 10920 6409 3234 1504 589 179 33 13 8 5 3 0 2 1 0 0 0 0 0
0 0 0 0 1 9 79 423 1271 3081 6272 10830 17338 24957 33609 42250 51084 59907 67682 75657 84493 94230 103345 113773 123986 133318 141995 148367 152516 153400 150262 144609 136408 123921 109074 92846 74883 57987 43088 31033 20570 12916 7398 3732 1739 667 281 68 28 11 6 1 2 1 0 0 0 0 0 0
0 0 0 0 1 14 81 354 1109 2729 5592 10009 16017 23514 31792 40167 48651 57037 65179 72583 80561 88974 98460 108270 118560 128736 137469 144813 149617 152002 150609 146467 138259 127430 112511 97097 80357 63444 47423 34307 23503 15249 9325 5068 2561 998 403 106 18 13 4 6 5 2 1 1 1 0 0 0
0 0 0 0 0 3 54 294 949 2482 5145 9261 15011 22067 30255 39141 47873 55732 63288 70656 79091 88172 97093 107105 116470 125694 135318 142594 148160 150808 150497 148600 141762 132188 118518 102837 85831 68424 52520 38803 26881 17795 10796 6063 3055 1550 549 221 50 18 10 5 0 0 0 0 0 0 0 0
0 0 0 0 0 9 55 233 847 2191 4601 8479 13816 20509 28299 36522 45248 53358 61069 68986 77517 85251 93638 103134 111623 120931 130589 139741 147268 151343 151385 148007 142652 134101 122041 108080 91483 74572 57833 42587 30149 20105 12297 7179 3562 1639 705 244 60 26 17 6 3 1 0 0 1 0 0 0
0 0 0 0 0 2 42 213 792 1899 4176 7831 12951 19262 26912 35025 42727 51175 59174 66610 73684 81630 91178 100171 110139 120377 130257 139349 147039 152531 153049 150604 145539 136718 125878 112296 95604 79268 62660 47218 33667 22722 14836 8874 4728 2140 979 266 75 18 6 1 3 4 3 0 0 0 0 0
0 0 0 0 0 3 23 183 623 1692 3867 7181 11836 17901 24995 33051 41598 49971 58111 65669 72384 78890 86931 96106 105661 115142 125032 133172 139300 145321 149538 149056 145892 138581 128103 115533 100781 84523 67326 51467 37688 25606 16799 9856 5204 2424 1196 448 137 16 9 3 2 3 2 0 1 0 0 0
0 0 0 0 0 1 20 133 499 1467 3333 6412 10845 16596 23537 31294 39529 48078 55677 62813 70018 76753 84627 92226 101706 111989 121459 130028 138424 144846 150334 150125 148603 142111 133344 120699 105311 89646 72636 56668 41373 28748 18387 11125 6228 3280 1457 649 242 84 19 17 5 5 4 2 2 0 0 0
0 0 0 0 0 2 18 130 468 1326 3008 5853 9909 15633 22439 29854 38227 46322 54009 61092 67949 75279 81548 89249 98375 108728 117530 127511 137690 144589 150313 152419 150700 146544 137888 125468 110827 94285 76675 60653 46107 32480 21790 13593 7851 4149 1984 831 270 90 29 10 8 7 2 2 2 1 1 1
0 0 0 0 0 1 14 86 421 1189 2753 5378 9339 14688 21298 28747 36609 44581 52494 59464 66717 73400 79587 86977 95636 105088 114219 124337 133479 141092 145533 148447 149043 145696 139243 129862 117504 101422 84702 67589 51299 36383 24440 15313 8710 4767 2282 916 225 46 15 8 6 4 4 5 2 1 0 0
0 0 0 0 0 0 11 90 345 1047 2364 4834 8535 13662 19737 26974 34930 42876 50608 57803 64762 71069 77187 83731 91910 100923 110289 119248 128035 137826 144107 147198 148483 146210 140747 132901 121052 106853 89575 71437 55767 40817 28020 18119 10924 5884 2805 1477 469 134 40 18 9 4 2 2 0 0 0 0
0 0 0 0 0 0 13 66 296 896 2099 4240 7547 12327 18344 25149 32817 40518 48111 55095 61991 68446 75319 81759 89828 98623 107625 116689 126369 135622 144214 147703 149323 146433 142292 134038 123015 109776 93888 76798 60193 45186 31638 20891 12391 6779 3293 1406 593 154 75 22 9 3 7 6 2 1 0 0
0 0 0 0 0 0 5 50 259 830 1891 3936 7194 11726 17359 24280 31660 38943 46715 54092 60447 66863 72938 79930 87678 95913 104518 113947 124584 132958 141448 146747 149143 148999 145653 138440 128274 114617 98821 81809 64107 48530 34847 23253 15034 8109 4275 2012 777 205 83 24 11 7 3 3 2 1 0 0
0 0 0 0 0 0 3 45 204 709 1733 3541 6504 10770 16228 22765 29804 37307 44448 51897 58591 65242 71216 77432 84416 92081 100840 109989 118972 127406 135678 143072 147908 149362 147762 142063 132345 119454 105289 88450 71359 53688 38656 26555 17175 10278 5790 2971 1282 468 132 35 20 7 3 1 0 1 1 1
0 0 0 0 0 1 7 46 174 541 1472 3178 5915 9860 15046 21757 28764 35934 43536 50777 57676 63988 69632 75353 81861 89073 97450 106331 114789 123127 131995 139706 144630 148163 147635 142403 133530 121928 108457 92406 75083 57562 41920 29755 19721 11581 6376 3299 1486 583 183 54 17 12 4 1 1 1 0 0
0 0 0 0 0 0 2 26 155 559 1322 2893 5338 8893 13862 20090 26816 34035 41350 48127 55282 61080 66784 72798 78679 86393 95109 104146 112621 122565 131559 139206 143533 145478 146760 144275 137125 125968 113226 96644 79501 63249 48167 34042 22712 13917 7848 3900 1853 797 249 49 17 9 5 6 2 4 5 0
0 0 0 0 0 0 5 28 142 462 1244 2562 4929 8568 13287 18971 25539 32896 40118 47105 53682 59730 65755 71036 76602 83341 91211 100166 109021 118773 127740 135405 141455 144960 145733 143481 139123 129500 118793 103373 85943 68306 51621 37466 24997 15633 9006 4855 2305 958 336 51 16 14 9 10 4 2 2 1
0 0 0 0 0 0 2 14 116 408 1088 2393 4506 7702 12251 18070 24562 31338 38484 45387 52002 59077 65381 70673 75147 81489 89164 97238 106022 115343 124178 134074 141403 146212 148255 146560 142061 134995 123148 108917 91403 74744 57915 41728 28348 18118 10617 5795 2904 1419 454 145 37 19 11 8 7 2 1 0
0 0 0 0 0 0 5 11 91 303 869 2057 3979 7114 11386 16659 22754 29793 37138 43747 50419 56892 62914 68063 73660 78979 85706 93489 101565 110899 120747 129288 136658 141907 145304 144784 142121 135510 124988 112454 97346 80023 63255 46121 32022 21307 13000 7414 3583 1579 610 205 51 11 6 4 4 0 1 0
0 0 0 0 0 0 2 13 64 256 770 1808 3820 6672 10613 15527 21765 28326 35028 42076 48658 55064 61273 67017 71892 76971 82765 89691 98026 106743 115917 126021 133605 140877 144155 145262 142318 136063 126285 113849 99520 83564 66633 50331 36341 23905 14703 7830 3903 1536 601 159 62 25 18 9 4 2 0 0
0 0 0 0 0 0 0 11 57 251 693 1701 3321 5919 9673 14506 20367 26953 33838 41071 47607 53529 59202 64660 69609 74379 80324 87371 95362 104039 113147 122541 132862 141087 145279 148497 146641 141920 133563 122548 107965 91066 72932 55628 39756 27282 16958 9628 5009 2069 835 308 96 25 8 5 3 1 2 2
0 0 0 0 0 0 1 3 45 187 592 1424 2872 5496 9037 13688 19475 25990 33114 39669 46612 52663 58922 64469 68665 73722 79174 85501 92450 100703 109371 118306 126729 135122 142369 147369 148037 144385 136946 126389 112951 96615 79608 61965 45264 31186 18953 10752 6122 3009 1241 458 145 31 14 6 4 2 2 1
0 0 0 0 0 0 1 6 48 173 518 1267 2725 5097 8430 12852 18005 24300 30806 37703 44618 50805 57011 62024 66950 71679 77505 84030 91047 98375 106592 115826 126626 135685 142422 147257 148347 146340 139812 130030 116740 101324 83716 66286 49709 35248 22735 13328 7303 3474 1508 429 136 44 23 20 13 10 5 2
0 0 0 0 0 0 0 2 37 158 511 1180 2463 4640 7748 11736 16967 22987 29909 36841 43315 49657 55116 59981 65188 70378 75084 80040 87134 95177 103727 112680 121926 131182 138286 143353 146391 145308 140567 131964 120542 105660 88399 71289 54276 38995 26007 15949 8888 4502 2019 786 220 62 24 10 7 8 2 0
0 0 0 0 0 0 0 2 29 146 429 1030 2179 4171 7235 11379 16217 21764 28751 35454 41592 47681 53690 59233 63856 68681 72919 77670 83133 90479 98419 108018 117425 126797 134847 141048 143850 144507 141854 134755 124430 110964 95042 77290 59861 43250 29643 18316 10831 5546 2387 815 214 66 22 12 3 2 2 2
0 0 0 0 0 0 0 4 27 97 356 948 1990 3791 6464 10181 15124 20585 26819 33395 40002 46232 52373 58318 62866 67506 71600 76287 82610 89869 97136 105390 114181 122663 131444 138943 143372 144349 141919 135451 126260 115592 100591 82964 64980 48308 33500 21133 12208 6360 2756 1280 338 62 25 14 11 10 7 8
0 0 0 0 0 0 0 3 16 90 288 767 1768 3411 5955 9276 13962 19549 25481 32130 38450 44745 50732 56447 61174 65319 69271 73851 79137 85032 92742 101551 110081 119252 128344 136287 143051 146286 144833 140258 131918 119526 105465 89735 71067 53308 37311 24119 14464 7855 3536 1522 450 143 35 16 11 6 1 1
0 0 0 0 0 0 1 3 14 74 270 722 1600 3043 5343 8997 13306 18647 24437 30925 37432 44188 49729 54982 60070 64754 69032 73533 78914 85145 91892 99790 109082 119421 128436 135687 141264 144797 144306 141300 134232 123347 109057 92485 73969 56767 40502 27597 16930 9506 4893 2045 733 166 44 22 10 6 5 2
0 0 0 0 0 0 0 4 13 56 225 657 1465 2834 5105 8218 12323 17252 23067 29713 35655 42415 48061 53510 58253 62388 66129 70460 75330 80820 87758 94883 103254 112127 121471 130402 138219 143260 145337 143345 137686 127274 114954 99153 82226 64403 47336 31895 19893 10946 5341 2469 841 252 57 28 10 4 1 3
0 0 0 0 0 0 0 0 7 62 204 557 1328 2544 4666 7622 11497 16545 21992 27946 34076 40107 46283 51509 56969 61508 65599 69758 73642 79263 85573 92684 100754 109701 119021 128810 137034 142946 145222 144499 139576 131021 118661 103908 86683 67795 50525 35933 22890 13293 6914 2860 1022 311 81 29 14 15 11 5
0 0 0 0 0 0 0 0 10 39 193 531 1197 2368 4275 7097 10880 15570 20991 26779 33011 39564 45454 51058 56123 60564 64112 68217 72884 77802 83518 90125 97620 106475 116219 125380 135007 141944 146088 146885 142196 134636 123238 108805 92545 73857 55520 39366 25741 15617 8093 3508 1352 447 81 30 19 17 8 2
0 0 0 0 0 0 0 0 8 32 134 441 1110 2166 4002 6567 10071 14600 19917 25466 31887 37855 43707 49234 53906 58017 62096 65812 70044 74775 80118 86677 94584 103851 112439 121619 130397 138076 143981 144986 144043 137729 127274 114241 98119 80510 62007 44624 29190 17638 9546 4307 1730 460 119 38 24 10 5 6
0 0 0 0 0 0 0 2 6 28 121 377 925 1957 3608 6091 9438 13510 18518 24619 30284 36322 42480 47874 52798 57322 61799 65406 69285 73669 79094 85137 91119 98710 107684 117685 128573 138116 143667 146491 144080 139954 131173 118186 103324 86050 67638 49505 34175 21552 11997 5922 2533 678 174 44 17 14 9 6
0 0 0 0 0 0 0 0 4 26 111 352 834 1725 3193 5553 8652 12777 17767 23354 29584 35338 41169 47287 52199 56582 60948 64659 67845 72183 76936 82914 88671 96123 105172 114157 123374 132822 140773 145213 145482 141095 133213 123890 108656 91116 73148 54813 37462 23893 14000 7102 2980 989 215 52 21 16 13 7
0 0 0 0 0 0 0 0 2 21 93 276 722 1535 2989 5169 8208 12156 16783 22325 27858 33800 39225 45570 50621 55250 58985 62854 66174 70444 74687 80359 86516 93545 101933 111177 121336 130258 139044 144186 146423 145103 139713 129044 114049 96375 78028 59928 41736 27693 16595 8715 3777 1390 343 76 26 17 15 9
0 0 0 0 0 0 0 0 5 16 91 269 606 1351 2645 4723 7529 11460 15678 20760 26855 32694 38999 44348 49527 54405 58253 61664 64646 67934 72569 77413 83543 90203 98438 108298 118186 126548 134278 140678 143638 143425 138800 130909 118369 102249 85298 66016 47816 31543 19478 10363 4742 1761 425 103 40 15 8 7
0 0 0 0 0 0 0 0 4 20 60 204 587 1260 2375 4288 7059 10580 15019 20216 25787 31521 37294 42658 48228 53079 57153 61372 64379 67136 71334 76243 82013 88165 95736 104299 113856 124586 133703 140332 145047 144880 141591 133583 122552 107875 90403 71625 52506 35775 21962 12241 5770 2175 702 133 34 22 4 4
0 0 0 0 0 0 0 0 2 6 50 198 503 1094 2243 3892 6426 9669 13756 18578 24466 30292 35936 41507 47275 51768 56216 60107 63276 66450 70579 74493 79422 85853 93538 101637 111360 120878 130363 138668 144123 146160 144748 137601 126430 111950 95657 76760 58116 40107 25007 14204 6600 2675 873 147 55 24 12 8
0 0 0 0 0 0 0 0 0 17 52 173 475 1028 2049 3674 6032 9445 13506 18405 23392 28804 34903 40272 45912 50634 54789 58783 62239 65313 68356 71631 76654 82187 89023 97244 106979 116276 126102 135181 142668 145784 144667 139622 130517 118063 101602 82293 63363 45209 29672 17196 8664 3722 1125 262 72 28 22 12
0 0 0 0 0 0 0 0 0 8 37 146 389 925 1824 3472 5678 8613 12541 17339 22411 27674 33498 39416 44479 49220 54055 57183 60947 64105 67421 71184 76006 81062 87342 94459 103034 113005 123098 133580 141733 146465 147171 143881 136698 125066 108927 90132 69674 50327 33207 19766 10372 4641 1589 317 74 29 15 13
0 0 0 0 0 0 0 0 2 9 39 128 368 806 1610 2920 5071 7968 11660 15965 21259 26913 32241 37732 42970 47934 52492 56552 59551 62620 65909 68819 73498 77832 83337 90066 97848 108084 119756 130178 138830 144785 147102 144548 139035 128878 113345 94863 75496 55735 37893 23271 12700 5629 1945 518 90 24 18 12
0 0 0 0 0 0 0 0 0 8 20 98 272 691 1471 2784 4740 7403 10918 15037 20234 25670 31276 36639 42162 46815 51701 55316 58684 61822 64310 67757 72019 76748 81906 88808 95678 105201 115656 125645 134774 141310 145498 145011 140310 131512 117968 100892 81241 61043 42335 26301 14552 6832 2464 554 129 40 29 20
0 0 0 0 0 0 0 0 1 4 26 78 274 642 1313 2421 4392 6876 10393 14618 19096 24553 30013 35515 40868 45827 50700 54610 57969 61173 63227 66154 69464 73787 79162 85559 93223 101830 111822 122268 132532 139876 145348 146555 143380 135326 122723 106874 88097 67302 48316 31129 17801 8557 3326 861 167 57 26 19
0 0 0 0 0 0 0 0 0 7 25 83 227 570 1251 2343 4099 6508 9678 13476 18043 23338 28736 34195 39717 44754 49091 53171 56250 59108 61488 64802 67863 71357 75559 81404 89244 98522 108726 119085 129876 139323 145215 148310 146630 139887 128793 113078 94481 73772 53285 36018 21190 10637 4214 1153 230 77 42 24
0 0 0 0 0 0 0 0 0 4 17 75 202 520 1087 2102 3791 5926 8934 12691 17052 22192 27481 33205 38560 43152 47814 52238 56226 59045 61846 63928 66493 70153 74570 80274 86670 94858 104371 114635 125372 136006 143280 147396 147730 143398 133473 118850 100722 80662 59823 40126 23928 12134 4917 1513 303 91 39 26
0 0 0 0 0 0 0 0 0 0 12 51 174 450 982 1894 3383 5509 8450 12104 16379 21611 27018 32003 37004 42119 46902 50925 54697 57578 60465 62964 65824 69559 74391 78765 84874 93278 102256 112509 122921 133735 141224 147004 149078 145921 137239 123867 107527 87202 65614 46060 28405 15271 6654 2078 434 91 42 23
0 0 0 0 0 0 0 0 0 2 10 44 160 421 961 1738 3093 5153 7931 11517 15716 20350 25551 30817 36039 41040 45890 49777 53508 56258 59094 61807 64162 67134 70754 75563 81496 87757 96477 107367 118208 129113 138799 144737 147968 147296 141191 130116 114191 94527 72110 50812 32322 18023 8187 2673 525 129 52 28
0 0 0 0 0 0 0 0 1 3 11 33 138 343 779 1563 2835 4764 7284 10727 14738 19327 24388 29648 34886 39973 44409 48347 52831 56118 58675 61262 64020 67758 70953 74837 79514 85618 93501 101873 113482 124550 135045 142916 148205 147187 142506 133679 118989 100132 78784 56939 37501 21353 10407 3780 855 141 49 25
0 0 0 0 0 0 0 0 0 0 9 25 93 309 706 1384 2530 4478 6746 10002 13856 18310 23324 28490 33767 39174 43380 47884 51749 54881 57701 60225 62074 64777 68241 71890 76400 82434 89360 98523 108785 120668 130731 139866 145902 148514 146651 138733 125587 107164 85458 63319 42832 24972 12063 4324 1013 223 84 40
0 0 0 0 0 0 0 0 0 0 4 27 103 254 623 1229 2331 3999 6333 9391 13264 17561 22473 27689 33080 37989 42367 47174 50399 54062 56983 59677 61842 63888 66388 70412 75171 80031 87647 96227 106097 116621 127971 137808 144569 148537 147371 141048 129196 112881 92560 69680 48334 29162 15350 6090 1271 283 83 42
0 0 0 0 0 0 0 0 0 1 10 26 86 248 513 1136 2238 3797 5955 8756 12280 16496 21085 26254 31647 36657 41196 45649 49691 53059 55935 58101 60470 63294 66189 69454 73381 78591 85264 93470 102152 112581 123169 133811 142744 148254 147918 144309 135142 119095 99515 77096 54373 34231 18120 7600 1876 315 87 48
0 0 0 0 0 0 0 0 0 1 8 27 68 208 526 1118 2033 3427 5484 8109 11568 15607 20401 25572 30653 35736 40211 44788 48709 51721 54767 57859 60391 62027 64618 67825 72383 76555 83031 91033 100248 111362 122464 133309 141847 147653 150598 147827 139069 125551 105966 83028 60132 38811 21086 9301 2520 458 137 67
0 0 0 0 0 0 0 0 0 2 6 16 64 191 439 956 1830 3234 5184 7848 11144 15195 19457 24410 29544 34381 39349 44098 48250 51799 54204 57059 59284 61508 63482 65844 69306 73991 79324 86427 94950 105175 116578 127886 138632 146914 150911 150247 144223 132349 114825 92438 68251 45034 25727 11548 3387 586 164 66
0 0 0 0 0 0 0 0 0 0 3 16 57 168 386 836 1619 2902 4853 7167 10376 13945 18238 22815 27854 33113 37745 42689 46563 50062 53269 55633 57577 59868 62622 65505 68258 71499 76100 82672 91016 100691 112270 123696 135117 145073 150942 151174 146443 136166 120548 98486 75060 51377 30059 14417 4612 821 169 62
0 0 0 0 0 0 0 0 0 0 3 16 50 129 353 796 1511 2669 4462 6741 9838 13450 17518 22187 27198 32287 36962 41307 45401 49258 52419 54962 57478 59560 61160 63042 65607 69393 73807 79934 88071 97396 108674 120645 131928 141354 148477 152082 149424 141718 126791 106909 82342 58422 35714 17864 6165 1146 246 78
0 0 0 0 0 0 0 0 0 2 6 16 50 146 350 788 1385 2567 4036 6176 9162 12747 16829 21459 26076 31001 36027 40466 44807 48846 51722 54381 56812 58527 60621 62497 65491 68838 73075 78672 85706 94579 105043 116632 128065 138313 147304 152211 151532 145373 132615 112533 88456 63946 40086 21399 8231 1527 286 92
0 0 0 0 0 0 0 0 0 0 0 10 34 100 309 624 1231 2263 3790 5812 8560 12054 16004 20210 25013 29823 34952 39680 43662 47595 50785 53565 55753 57755 59427 61629 63858 67093 70937 75893 82551 90660 101782 113099 124558 134724 143663 150279 151995 147639 137536 120857 98235 72711 47705 25616 10557 1952 397 107
0 0 0 0 0 0 0 0 0 0 2 10 37 105 251 571 1135 2050 3535 5540 8053 11115 14997 19389 24242 28979 33990 38722 42736 46862 50010 52846 55509 57117 58878 60540 63069 65940 69122 73797 79608 87512 96857 109368 121322 133553 145464 153504 155601 152389 143282 127185 104321 79092 53919 30652 13106 2961 555 139
0 0 0 0 0 0 0 0 0 0 1 6 25 76 218 511 1028 1819 3215 5059 7634 10820 14315 18571 23159 28131 33061 37519 41853 45910 49406 52149 54392 56181 57927 59180 61265 64270 67500 71595 77033 84460 93399 104037 115396 127655 139582 149161 154308 153985 147320 134626 115010 88064 60924 36257 16327 4039 657 188
0 0 0 0 0 0 0 0 0 0 0 7 30 92 219 471 941 1732 2930 4774 7030 9952 13694 17833 22300 27029 32035 36425 40964 44719 48048 50747 53140 55138 57078 59056 60771 62979 65901 69215 73617 79731 88397 98783 111491 124083 135767 146573 153682 156268 151694 140568 121139 96162 68834 41916 19794 5479 954 219
0 0 0 0 0 0 0 0 0 1 2 7 19 67 194 402 749 1585 2731 4505 6760 9630 13021 16800 21151 25878 30897 35138 39535 43817 47433 50425 52755 55092 56642 58633 60417 62610 64625 68190 72578 78347 85690 95887 107978 121089 133818 145053 154263 157857 156630 147704 130446 104982 77011 48809 24794 7614 1177 286
0 0 0 0 0 0 0 0 0 0 1 4 19 52 133 359 771 1442 2581 4150 6286 9090 12273 16213 20557 25165 30012 34353 39024 43090 46823 49573 52181 54695 56530 57992 59174 61370 63514 66475 70520 75812 83498 92481 104231 116933 129587 141429 152381 159063 159250 152466 137407 114428 86006 56477 30084 10308 1731 353
0 0 0 0 0 0 0 0 0 0 0 2 8 53 129 317 666 1353 2335 3807 5939 8477 11649 15369 19811 24320 29264 33561 38059 41723 45145 48301 51299 53803 55475 56798 58573 60171 61965 64635 68974 73606 80304 88987 100434 112851 125277 138612 150647 158462 160532 156086 144446 123877 96252 65089 36234 13480 2290 463
0 0 0 0 0 0 0 0 0 0 0 5 10 32 112 266 579 1135 2175 3531 5435 7908 11069 14949 18912 23267 28176 32657 37508 41713 45513 48669 51351 53651 55421 56911 58442 59729 61345 63204 66289 70665 76645 83762 93788 105863 119044 132768 145721 156290 161056 159745 150430 133284 106013 74801 43421 17925 3311 660
0 0 0 0 0 0 0 0 0 0 0 3 3 24 100 260 578 1090 1957 3168 5074 7573 10701 14232 18282 22682 27023 31974 36619 40757 44696 47769 50597 53223 55200 56946 58400 59926 61628 63368 66098 69934 75339 82611 91600 103753 117061 130803 144254 156081 162939 163862 157687 141476 115713 83913 50895 22930 4644 948
0 0 0 0 0 0 0 0 0 0 0 2 10 31 101 244 488 955 1731 3074 4859 7106 9896 13483 17486 21862 26409 31154 35666 39985 44239 47706 50821 53116 54994 56972 58655 60019 61585 63736 66717 70400 74842 81216 88890 99673 112886 126552 141308 154234 164549 168017 164713 150862 126803 95405 61639 30014 6967 1383
0 0 0 0 0 0 0 0 0 0 0 1 9 23 75 188 472 933 1671 2814 4413 6726 9602 12864 16818 21270 26036 30955 35566 39800 43949 47628 51022 53544 56422 58094 59769 61233 62456 64108 66127 69270 73448 79011 86607 97214 110094 124306 139120 152900 164699 171208 170630 160105 138138 107613 72185 36968 10240 2256
0 0 0 0 0 0 0 0 0 0 0 1 12 33 75 180 391 800 1486 2613 4181 6419 9112 12490 16429 20802 25811 30515 35116 39773 44276 48421 52008 54846 56865 58721 59893 61756 63027 64936 66718 69751 73548 79187 86307 95387 106949 120636 134748 150662 164157 173412 175614 168226 148961 119464 84412 47201 15104 3572
0 0 0 0 0 0 0 0 0 0 0 1 6 17 48 157 366 744 1406 2494 4027 6177 8958 12298 16143 20726 25343 30588 35663 40400 44816 49099 52787 55730 58725 60479 61628 63038 64687 66850 69118 71665 74810 79234 85556 94590 105833 119101 134623 149410 164404 176431 181229 177574 161718 134953 98318 59032 21929 5891
0 0 0 0 0 0 0 0 0 0 0 2 4 17 48 149 327 681 1312 2284 3749 5859 8492 11947 15819 20235 25312 30712 36248 41605 46512 51062 54834 58083 61069 64035 65472 67166 68883 70647 72967 75027 78311 82805 88977 96535 107078 119906 134665 150809 167540 181624 188193 188025 176199 151142 114940 72760 30746 9694
0 0 0 0 0 0 0 0 0 0 0 0 6 18 64 118 284 590 1193 2167 3608 5536 8279 11738 15762 20214 25412 30873 36589 42198 47683 52720 57300 61084 64312 67402 69786 71316 73100 74700 76421 79090 82318 86647 91639 98947 108743 121241 136306 152787 170135 185185 195396 198563 191199 168866 134258 89866 42242 15566
0 0 0 0 0 0 0 0 0 0 0 0 1 12 42 118 312 641 1140 2075 3603 5430 8171 11630 15744 20586 25742 31726 37611 43655 49437 55320 60991 65633 69711 73015 75731 78115 80376 82165 83500 85580 87890 91819 97144 103947 113720 124833 138107 153865 171040 188634 202281 208902 205605 187313 155152 108968 58249 25674
0 0 0 0 0 0 0 0 0 0 0 0 2 13 43 108 272 590 1135 1977 3334 5395 8076 11389 15529 20738 26260 32369 39047 45581 52852 58941 65154 70688 75616 80208 83434 86130 88587 90841 93123 95591 98090 100968 105344 111275 118932 129538 143599 160643 178585 197517 212763 222449 222951 207480 176679 130570 78722 40684
0 0 0 0 0 0 0 0 0 0 0 0 2 10 40 96 246 492 1017 1896 3227 5163 7821 11300 15783 21052 27154 33942 41358 48917 56536 63866 71144 78026 84202 88979 93522 97494 100765 103324 105896 108150 110339 113375 117359 123222 130863 140812 153247 168651 186407 205499 222896 236311 241436 231462 204573 159632 106975 63795
0 0 0 0 0 0 0 0 0 0 0 1 3 11 29 83 186 469 955 1809 3171 5094 7896 11424 15931 21562 28067 35517 43491 52400 61408 69902 78302 85963 93545 100689 106402 111825 116065 120182 123637 126904 130066 133328 136984 141376 148022 157203 168780 183248 200309 220052 240176 255793 262937 257782 235087 193799 145089 97934
0 0 0 0 0 0 0 0 0 0 0 0 2 7 24 71 180 455 908 1668 2844 4810 7688 11283 16148 22117 29383 37425 46334 56222 66403 76903 87056 97110 106559 115034 122632 129477 135630 140728 145366 149351 153334 157066 161205 165573 171632 180030 190361 203752 220128 237728 258414 276891 287835 288556 272889 239443 196875 148242
0 0 0 0 0 0 0 0 0 0 0 0 2 8 23 60 177 360 790 1585 2774 4665 7529 11232 16055 22256 29625 38643 48664 59899 71635 83803 95956 108043 119955 131129 142139 152061 160234 167619 174797 180937 186025 191092 196091 200929 206601 213937 223507 235800 250839 268705 287039 306320 322431 328762 321345 299850 267959 222145
0 0 0 0 0 0 0 0 0 0 0 0 0 5 19 68 149 362 740 1452 2678 4583 7429 11426 16704 23325 31221 40436 51425 63236 76438 90799 105222 119929 134902 149364 163220 175615 187319 198448 207892 216468 224461 231340 237972 244755 251444 259288 268667 280047 293720 310831 331579 352629 373628 388685 393394 387716 369685 329147
0 0 0 0 0 0 0 0 0 0 0 1 3 7 18 54 131 325 652 1386 2557 4401 7149 11007 16219 22777 31427 41561 53670 67430 82433 98718 115776 133315 150898 168896 186738 203341 219700 234621 248352 260361 272144 282640 292608 301882 311186 320775 331890 344717 360222 378720 401311 426067 452340 478988 499258 513023 513405 484850
0 0 0 0 0 0 0 0 0 0 0 0 1 4 21 52 123 299 671 1331 2426 4167 6814 10634 15967 22892 31555 42387 55067 69657 86186 104591 123910 144692 166083 188346 210595 232325 253321 273529 292774 311301 328667 345246 361032 376114 390423 405016 420670 437761 457286 479960 506939 539346 575161 617416 659669 695452 719181 709475
0 0 0 0 0 0 0 0 0 0 0 0 0 6 15 43 106 285 634 1234 2286 4062 6753 10667 15983 23091 32020 43280 56798 72654 90787 110993 133217 157067 182242 208504 235352 262599 290297 317235 343733 369782 395021 419418 443425 467051 490142 513192 537316 562940 591050 623049 660214 707170 761830 825425 894415 962846 1016972 1036158
0 0 0 0 0 0 0 0 0 0 0 0 1 2 9 35 106 244 550 1103 2067 3801 6336 10094 15419 22601 31906 43354 57722 74745 94399 117046 141901 169554 199020 229939 262570 296586 331285 366082 401180 436459 471762 507350 542078 577031 612748 649578 687258 727640 771198 820319 878058 945498 1027586 1120796 1224995 1333292 1425873 1484401
0 0 0 0 0 0 0 0 0 0 0 0 0 2 9 37 106 235 515 1050 1984 3565 5862 9580 14788 21909 31158 43342 57907 75612 96813 121160 148836 179868 213253 249231 287826 328412 371224 415891 461429 508786 556597 605665 655456 707047 759247 813964 871306 932469 999961 1075181 1161472 1261239 1378131 1514423 1666070 1824305 1969826 2083386
0 0 0 0 0 0 0 0 0 0 0 0 0 0 6 25 48 116 251 487 882 1481 2423 3659 5229 7249 9641 12444 15733 19126 23080 27301 31341 35576 39492 43821 47606 51404 54968 58799 62068 65359 68709 71615 75333 78611 82920 86595 92209 99200 108366 120364 137228 158549 187032 218492 248360 269095 264238 245077
