242.2 241.0 239.8 238.5 237.2 235.6 234.3 232.8 231.2 230.2 228.8 219.3 219.5 214.4 195.3 181.7 183.2 173.2 160.0 0.0 0.0 0.0 0.0 0.0 0.0 0.0 0.0 0.0 0.0 0.0 0.0 0.0 0.0 0.0 0.0 0.0 0.0 0.0 0.0 0.0 0.0 0.0 0.0 0.0 0.0 0.0 0.0 0.0 0.0 0.0 0.0 0.0 0.0 0.0 0.0 0.0 0.0 0.0 0.0 0.0
241.7 240.9 239.6 238.7 237.8 237.1 236.4 235.1 233.6 231.5 230.3 227.1 223.6 220.2 216.2 214.9 185.7 184.6 175.4 184.8 171.0 171.0 171.0 0.0 0.0 0.0 0.0 0.0 0.0 0.0 0.0 0.0 0.0 0.0 0.0 0.0 0.0 0.0 0.0 0.0 0.0 0.0 0.0 0.0 0.0 0.0 0.0 0.0 0.0 0.0 0.0 0.0 0.0 0.0 0.0 0.0 0.0 0.0 0.0 0.0
240.2 239.4 238.5 237.7 236.3 235.2 234.1 231.9 230.4 229.2 227.7 226.2 213.7 212.7 210.9 189.6 207.9 180.6 179.8 0.0 0.0 0.0 0.0 0.0 0.0 0.0 0.0 0.0 0.0 0.0 0.0 0.0 0.0 0.0 0.0 0.0 0.0 0.0 0.0 0.0 0.0 0.0 0.0 0.0 0.0 0.0 0.0 0.0 0.0 0.0 0.0 0.0 0.0 0.0 0.0 0.0 0.0 0.0 0.0 0.0
239.3 238.0 236.6 235.3 233.6 232.4 231.6 231.1 230.3 229.0 226.0 224.0 220.8 218.3 211.5 204.1 191.4 166.0 164.4 0.0 0.0 0.0 0.0 0.0 0.0 0.0 0.0 0.0 0.0 0.0 0.0 0.0 0.0 0.0 0.0 0.0 0.0 0.0 0.0 0.0 0.0 0.0 0.0 0.0 0.0 0.0 0.0 0.0 0.0 0.0 0.0 0.0 0.0 0.0 0.0 0.0 0.0 0.0 0.0 0.0
238.2 237.1 236.3 235.2 233.4 231.1 229.7 229.2 229.4 228.5 226.8 223.5 220.0 212.7 203.6 196.8 195.4 180.8 166.8 160.6 162.1 145.9 128.0 128.0 0.0 0.0 0.0 0.0 0.0 0.0 0.0 0.0 0.0 0.0 0.0 0.0 0.0 0.0 0.0 0.0 0.0 0.0 0.0 0.0 0.0 0.0 0.0 0.0 0.0 0.0 0.0 0.0 0.0 0.0 0.0 0.0 0.0 0.0 0.0 0.0
236.8 235.7 234.4 233.3 232.4 232.4 231.0 230.0 229.0 226.2 223.0 220.7 222.9 215.7 214.3 203.2 195.0 185.2 182.0 187.7 0.0 0.0 0.0 0.0 0.0 0.0 0.0 0.0 0.0 0.0 0.0 0.0 0.0 0.0 0.0 0.0 0.0 0.0 0.0 0.0 0.0 0.0 0.0 0.0 0.0 0.0 0.0 0.0 0.0 0.0 0.0 0.0 0.0 0.0 0.0 0.0 0.0 0.0 0.0 0.0
234.9 234.0 232.5 231.1 230.4 229.6 229.2 228.5 227.3 225.4 223.4 222.4 221.5 219.0 207.7 204.0 193.8 182.7 176.6 179.5 171.8 171.8 166.1 172.0 172.0 0.0 0.0 0.0 0.0 0.0 0.0 0.0 0.0 0.0 0.0 0.0 0.0 0.0 0.0 0.0 0.0 0.0 0.0 0.0 0.0 0.0 0.0 0.0 0.0 0.0 0.0 0.0 0.0 0.0 0.0 0.0 0.0 0.0 0.0 0.0
234.5 233.7 233.1 232.1 231.1 229.7 228.5 227.1 226.2 225.0 223.7 220.5 219.7 217.3 217.0 207.3 200.6 185.1 182.3 178.3 178.6 182.0 155.5 172.0 172.0 172.0 172.0 172.0 172.0 0.0 0.0 0.0 0.0 0.0 0.0 0.0 0.0 0.0 0.0 0.0 0.0 0.0 0.0 0.0 0.0 0.0 0.0 0.0 0.0 0.0 0.0 0.0 0.0 0.0 0.0 0.0 0.0 0.0 0.0 0.0
233.0 232.5 231.4 230.6 230.1 229.2 228.3 227.3 226.5 225.2 223.4 219.3 218.7 217.3 213.3 211.6 190.3 185.9 187.5 185.1 178.8 164.4 164.4 162.5 140.8 119.0 0.0 0.0 0.0 0.0 0.0 0.0 0.0 0.0 0.0 0.0 0.0 0.0 0.0 0.0 0.0 0.0 0.0 0.0 0.0 0.0 0.0 0.0 0.0 0.0 0.0 0.0 0.0 0.0 0.0 0.0 0.0 0.0 0.0 0.0
231.8 231.2 229.9 229.2 228.5 227.7 226.6 225.5 223.8 223.1 222.3 221.8 218.5 215.6 212.9 210.0 199.6 193.4 178.9 173.7 163.1 154.9 147.8 141.0 0.0 0.0 0.0 0.0 0.0 169.0 0.0 0.0 0.0 0.0 0.0 0.0 0.0 0.0 0.0 0.0 0.0 0.0 0.0 0.0 0.0 0.0 0.0 0.0 0.0 0.0 0.0 0.0 0.0 0.0 0.0 0.0 0.0 0.0 0.0 0.0
231.0 230.4 229.7 229.0 227.9 226.8 225.2 223.8 222.8 221.9 220.4 219.5 217.8 215.7 213.7 210.6 201.3 191.4 196.9 179.6 181.6 182.3 182.9 170.5 155.8 164.0 164.0 0.0 0.0 0.0 0.0 0.0 0.0 0.0 0.0 0.0 0.0 0.0 0.0 0.0 0.0 0.0 0.0 0.0 0.0 0.0 0.0 0.0 0.0 0.0 0.0 0.0 0.0 0.0 0.0 0.0 0.0 0.0 0.0 0.0
230.4 229.6 228.8 227.2 226.0 225.2 224.1 222.9 221.6 220.1 219.0 218.1 217.1 215.2 213.6 209.0 207.1 196.8 190.2 184.8 183.9 181.5 176.5 177.8 159.7 153.7 153.7 170.0 0.0 0.0 0.0 0.0 0.0 0.0 0.0 0.0 0.0 0.0 0.0 0.0 0.0 0.0 0.0 0.0 0.0 0.0 0.0 0.0 0.0 0.0 0.0 0.0 0.0 0.0 0.0 0.0 0.0 0.0 0.0 0.0
229.4 228.8 228.2 226.8 225.4 224.0 223.2 222.3 221.2 220.0 218.8 217.9 216.5 215.2 214.0 213.1 211.8 205.7 186.0 172.8 181.6 175.7 161.3 142.4 150.0 150.0 0.0 0.0 0.0 0.0 0.0 0.0 0.0 0.0 0.0 0.0 0.0 0.0 0.0 0.0 0.0 0.0 0.0 0.0 0.0 0.0 0.0 0.0 0.0 0.0 0.0 0.0 0.0 0.0 0.0 0.0 0.0 0.0 0.0 0.0
227.6 226.9 226.2 225.5 224.9 224.1 222.5 221.2 219.7 219.1 218.6 216.6 215.1 213.4 211.8 209.9 205.1 203.7 196.9 186.6 177.4 174.7 180.9 169.0 162.0 147.8 0.0 0.0 0.0 0.0 0.0 0.0 0.0 0.0 0.0 0.0 0.0 0.0 0.0 0.0 0.0 0.0 0.0 0.0 0.0 0.0 0.0 0.0 0.0 0.0 0.0 0.0 0.0 0.0 0.0 0.0 0.0 0.0 0.0 0.0
225.1 225.6 225.1 224.3 223.4 222.5 221.8 220.4 219.4 218.4 217.5 216.2 213.5 211.5 211.3 210.7 208.9 208.1 197.1 182.5 177.6 167.3 161.7 163.0 160.9 162.6 108.0 145.0 0.0 0.0 0.0 0.0 0.0 0.0 0.0 0.0 0.0 0.0 0.0 0.0 0.0 0.0 0.0 0.0 0.0 0.0 0.0 0.0 0.0 0.0 0.0 0.0 0.0 0.0 0.0 0.0 0.0 0.0 0.0 0.0
223.5 224.7 224.1 222.7 221.9 220.7 219.6 219.1 218.0 217.6 216.7 216.3 215.4 214.8 213.4 212.2 210.0 208.7 205.9 189.5 170.2 171.9 173.5 165.0 0.0 174.0 0.0 0.0 143.0 143.0 143.0 143.0 143.0 143.0 143.0 143.0 143.0 143.0 0.0 0.0 0.0 0.0 0.0 0.0 0.0 0.0 0.0 0.0 0.0 0.0 0.0 0.0 0.0 0.0 0.0 0.0 0.0 0.0 0.0 0.0
222.7 222.5 222.8 222.8 221.8 220.7 219.7 218.9 217.8 216.6 215.2 214.0 213.9 213.2 210.9 208.5 206.0 203.0 202.0 201.4 195.0 178.9 170.6 170.9 173.5 171.0 167.0 167.0 167.0 0.0 0.0 0.0 0.0 0.0 0.0 0.0 0.0 0.0 0.0 0.0 0.0 0.0 0.0 0.0 0.0 0.0 0.0 0.0 0.0 0.0 0.0 0.0 0.0 0.0 0.0 0.0 0.0 0.0 0.0 0.0
221.6 222.6 221.9 220.8 220.1 219.1 218.3 217.2 215.4 214.4 213.0 211.7 210.9 209.4 207.4 205.0 203.7 202.1 201.3 191.9 182.3 184.3 161.9 129.3 155.9 159.3 133.1 132.0 156.0 156.0 0.0 0.0 0.0 0.0 0.0 0.0 0.0 0.0 0.0 0.0 0.0 0.0 0.0 0.0 0.0 0.0 0.0 0.0 0.0 0.0 0.0 0.0 0.0 0.0 0.0 0.0 0.0 0.0 0.0 0.0
220.4 221.1 220.8 220.5 218.9 218.1 217.4 216.7 216.0 214.9 213.9 212.2 211.4 210.2 209.1 207.7 206.3 202.2 200.8 198.6 188.2 181.1 178.1 169.0 166.2 159.7 157.2 155.4 155.4 137.0 0.0 0.0 0.0 0.0 0.0 0.0 0.0 0.0 0.0 0.0 0.0 0.0 0.0 0.0 0.0 0.0 0.0 0.0 0.0 0.0 0.0 0.0 0.0 0.0 0.0 0.0 0.0 0.0 0.0 0.0
217.9 220.3 219.9 218.8 218.1 217.1 216.3 215.5 215.2 214.1 212.6 211.2 209.7 208.6 207.9 206.5 204.3 202.4 199.8 198.3 184.4 170.8 174.2 160.1 158.4 143.3 134.7 0.0 0.0 0.0 0.0 0.0 0.0 0.0 0.0 0.0 0.0 0.0 0.0 0.0 0.0 0.0 0.0 0.0 0.0 0.0 0.0 0.0 0.0 0.0 0.0 0.0 0.0 0.0 0.0 0.0 0.0 0.0 0.0 0.0
217.9 218.5 218.4 217.1 216.2 215.5 214.7 213.5 212.4 211.9 210.8 209.5 208.7 207.8 206.4 205.4 204.3 203.4 203.3 200.7 194.1 184.3 175.6 166.6 162.4 158.9 155.7 158.0 145.1 114.0 134.0 134.0 134.0 0.0 0.0 0.0 0.0 0.0 0.0 0.0 0.0 0.0 0.0 0.0 0.0 0.0 0.0 0.0 0.0 0.0 0.0 0.0 0.0 0.0 0.0 0.0 0.0 0.0 0.0 0.0
218.0 218.0 217.5 216.9 216.0 215.5 214.8 213.6 211.7 210.1 209.0 208.4 207.2 206.3 205.1 203.8 201.8 198.5 196.9 195.3 193.3 186.6 179.6 175.3 175.9 173.7 173.8 166.3 161.9 161.6 171.0 0.0 0.0 0.0 0.0 0.0 0.0 0.0 0.0 0.0 0.0 0.0 0.0 0.0 0.0 0.0 0.0 0.0 0.0 0.0 0.0 0.0 0.0 0.0 0.0 0.0 0.0 0.0 0.0 0.0
217.0 216.3 215.6 215.4 214.4 213.5 213.1 212.4 211.4 210.0 208.9 207.4 206.7 205.9 205.4 203.6 202.9 200.4 197.4 196.1 196.4 191.7 192.0 183.9 170.1 159.4 152.1 164.4 169.2 0.0 0.0 0.0 0.0 0.0 0.0 0.0 0.0 0.0 0.0 0.0 0.0 0.0 0.0 0.0 0.0 0.0 0.0 0.0 0.0 0.0 0.0 0.0 0.0 0.0 0.0 0.0 0.0 0.0 0.0 0.0
214.4 215.9 215.3 215.1 213.2 212.7 211.2 211.0 210.2 209.3 208.2 206.6 204.8 203.3 201.9 201.2 200.4 199.8 198.5 198.0 195.3 186.9 184.5 176.1 160.7 162.3 152.9 158.5 102.0 0.0 155.0 155.0 0.0 132.0 132.0 132.0 132.0 0.0 0.0 0.0 0.0 0.0 0.0 0.0 0.0 0.0 0.0 0.0 0.0 0.0 0.0 0.0 0.0 0.0 0.0 0.0 0.0 0.0 0.0 0.0
211.0 214.0 213.5 212.1 211.5 210.6 210.0 209.4 208.5 207.9 206.9 206.1 205.1 203.7 202.7 201.6 200.0 198.6 196.7 193.4 193.1 193.1 178.1 173.8 174.8 169.1 169.0 144.5 141.0 140.0 142.2 142.2 146.0 0.0 0.0 0.0 0.0 0.0 0.0 0.0 0.0 0.0 0.0 0.0 0.0 0.0 0.0 0.0 0.0 0.0 0.0 0.0 0.0 0.0 0.0 0.0 0.0 0.0 0.0 0.0
209.6 211.6 212.5 212.0 211.3 210.1 209.1 208.4 207.7 207.0 205.7 204.5 203.2 201.5 200.4 199.7 199.2 197.0 195.9 194.7 190.0 188.8 185.4 171.8 153.7 147.8 140.3 144.4 147.0 136.0 0.0 0.0 0.0 0.0 0.0 0.0 0.0 0.0 135.0 0.0 0.0 0.0 0.0 0.0 0.0 0.0 0.0 0.0 0.0 0.0 0.0 0.0 0.0 0.0 0.0 0.0 0.0 0.0 0.0 0.0
207.4 209.7 210.5 210.5 210.3 209.4 208.2 207.3 206.5 205.6 204.6 203.9 203.0 201.9 200.8 199.4 197.8 196.6 194.9 191.7 192.1 191.1 188.5 185.8 173.2 165.2 152.7 151.3 155.5 140.6 147.0 152.0 0.0 0.0 0.0 0.0 0.0 0.0 0.0 0.0 0.0 0.0 0.0 0.0 0.0 0.0 0.0 0.0 0.0 0.0 0.0 0.0 0.0 0.0 0.0 0.0 0.0 0.0 0.0 0.0
202.3 207.9 209.7 210.1 209.4 208.6 207.8 207.0 205.7 204.8 204.5 203.8 202.9 201.9 200.2 199.1 198.1 197.9 196.5 194.9 191.5 189.8 186.1 170.4 170.0 166.4 153.5 152.7 146.9 0.0 0.0 129.0 129.0 129.0 0.0 0.0 0.0 0.0 0.0 0.0 0.0 0.0 0.0 0.0 0.0 0.0 0.0 0.0 0.0 0.0 0.0 0.0 0.0 0.0 0.0 0.0 0.0 0.0 0.0 0.0
196.5 205.6 209.2 208.6 208.9 207.5 206.4 205.3 205.0 203.6 202.6 201.7 200.3 198.8 198.0 197.3 196.3 195.1 193.9 192.5 190.8 188.2 184.9 182.5 170.6 164.3 162.0 149.0 155.8 157.6 163.3 162.5 152.8 0.0 0.0 0.0 0.0 0.0 0.0 0.0 0.0 0.0 0.0 0.0 0.0 0.0 0.0 0.0 0.0 0.0 0.0 0.0 0.0 0.0 0.0 0.0 0.0 0.0 0.0 0.0
198.5 205.4 207.5 207.9 206.8 206.3 205.2 204.4 203.3 202.8 202.0 201.0 199.7 198.3 197.0 196.4 195.1 193.7 191.8 192.1 189.8 188.0 185.7 181.6 180.4 178.5 163.0 148.3 149.4 141.5 144.3 143.4 134.9 134.9 134.9 137.0 0.0 0.0 0.0 0.0 0.0 0.0 0.0 0.0 0.0 0.0 0.0 0.0 0.0 0.0 0.0 0.0 0.0 0.0 0.0 0.0 0.0 0.0 0.0 0.0
180.3 203.4 205.6 205.8 205.6 205.3 204.1 203.0 202.4 201.5 200.8 200.0 198.5 197.6 196.5 195.0 193.9 193.1 191.7 190.2 188.1 187.5 186.8 183.2 181.2 168.8 156.7 145.0 143.1 141.1 139.1 0.0 0.0 0.0 122.0 0.0 0.0 0.0 0.0 0.0 0.0 0.0 0.0 0.0 0.0 0.0 0.0 0.0 0.0 0.0 0.0 0.0 0.0 0.0 0.0 0.0 0.0 0.0 0.0 0.0
192.4 200.5 203.4 205.4 204.8 203.4 202.4 201.1 200.7 200.1 199.6 198.8 197.9 197.0 195.9 194.3 193.4 191.8 190.6 189.2 188.4 187.4 185.4 183.8 180.0 166.6 161.5 156.2 147.3 151.4 139.0 0.0 0.0 0.0 0.0 0.0 0.0 0.0 0.0 0.0 0.0 0.0 0.0 0.0 0.0 0.0 0.0 0.0 0.0 0.0 0.0 0.0 0.0 0.0 0.0 0.0 0.0 0.0 0.0 0.0
178.9 199.1 203.4 204.3 203.4 202.5 201.3 200.1 199.6 199.4 198.2 197.5 196.6 195.6 194.5 193.6 192.7 191.4 190.8 189.3 188.0 186.4 184.0 180.3 178.9 175.5 166.9 155.9 149.8 148.3 136.7 149.4 148.5 0.0 0.0 0.0 0.0 125.0 125.0 0.0 0.0 0.0 0.0 0.0 0.0 0.0 0.0 0.0 0.0 0.0 0.0 0.0 0.0 0.0 0.0 0.0 0.0 0.0 0.0 0.0
138.0 196.5 200.2 202.4 202.5 202.1 201.2 200.7 199.7 198.1 197.5 196.5 196.4 195.2 193.5 191.7 190.2 190.0 189.5 187.4 185.8 183.1 182.1 179.5 177.7 155.8 150.0 144.6 143.5 147.1 143.9 141.8 142.4 137.0 0.0 0.0 0.0 0.0 0.0 0.0 0.0 0.0 0.0 0.0 0.0 0.0 0.0 0.0 0.0 0.0 0.0 0.0 0.0 0.0 0.0 0.0 0.0 0.0 0.0 0.0
172.0 193.1 198.9 201.0 201.0 200.4 199.2 198.2 197.1 196.8 196.2 195.2 194.4 193.8 192.2 191.4 189.6 189.3 188.0 187.0 186.4 184.6 182.4 180.1 179.3 176.6 158.2 148.8 150.4 131.1 125.8 126.6 126.5 135.0 135.0 0.0 0.0 0.0 0.0 0.0 0.0 0.0 0.0 0.0 0.0 0.0 0.0 0.0 0.0 0.0 0.0 0.0 0.0 0.0 0.0 0.0 0.0 0.0 0.0 0.0
0.0 192.3 196.9 199.2 199.9 199.1 198.7 197.3 196.9 196.0 195.1 194.6 194.0 193.3 192.0 190.8 189.6 188.7 187.2 186.8 185.4 183.1 181.0 179.5 176.3 174.0 170.9 153.2 143.3 144.8 131.6 118.9 119.0 119.0 0.0 0.0 0.0 0.0 0.0 0.0 0.0 0.0 0.0 0.0 0.0 0.0 0.0 0.0 0.0 0.0 0.0 0.0 0.0 0.0 0.0 0.0 0.0 0.0 0.0 0.0
0.0 189.2 194.9 199.2 198.5 197.9 197.3 196.1 195.4 194.1 193.8 193.0 192.2 192.0 191.2 190.2 189.6 187.4 185.8 185.1 182.5 181.5 180.9 178.2 176.1 174.2 174.4 164.9 152.5 137.7 132.4 131.6 139.7 141.5 106.1 123.2 0.0 0.0 0.0 125.0 0.0 0.0 0.0 0.0 0.0 0.0 0.0 0.0 0.0 0.0 0.0 0.0 0.0 0.0 0.0 0.0 0.0 0.0 0.0 0.0
0.0 182.3 191.1 194.2 197.3 197.3 196.8 196.1 194.7 193.6 192.4 192.3 192.1 191.1 190.3 188.9 188.2 187.1 185.7 184.0 183.7 182.2 179.9 179.5 177.7 176.1 174.6 169.5 153.3 146.7 126.7 125.0 126.2 120.2 126.5 0.0 127.0 0.0 0.0 0.0 0.0 0.0 0.0 0.0 0.0 0.0 0.0 0.0 0.0 0.0 0.0 0.0 0.0 0.0 0.0 0.0 0.0 0.0 0.0 0.0
0.0 180.3 189.5 192.8 195.4 195.3 194.5 193.4 192.7 191.8 190.9 190.1 189.3 188.3 187.7 186.2 185.5 185.0 183.7 182.3 181.8 180.4 178.4 176.7 176.1 171.0 168.7 162.3 157.7 153.6 144.1 139.2 130.2 128.4 85.0 0.0 0.0 0.0 0.0 0.0 0.0 0.0 0.0 0.0 0.0 0.0 0.0 0.0 0.0 0.0 0.0 0.0 0.0 0.0 0.0 0.0 0.0 0.0 0.0 0.0
0.0 180.8 186.7 192.7 194.7 195.2 194.5 194.0 193.0 192.1 191.3 190.4 190.0 188.2 186.7 186.3 185.0 183.3 182.2 181.4 180.5 178.7 177.5 175.2 173.6 172.3 169.5 167.9 164.4 153.0 138.4 134.5 135.9 123.7 135.2 135.2 0.0 0.0 0.0 115.0 0.0 0.0 0.0 0.0 0.0 0.0 0.0 0.0 0.0 0.0 0.0 0.0 0.0 0.0 0.0 0.0 0.0 0.0 0.0 0.0
0.0 175.7 185.8 189.2 192.2 193.4 192.2 191.8 191.5 190.6 189.3 188.6 187.5 186.9 186.5 185.6 184.4 183.6 182.7 181.7 180.5 179.0 176.8 174.4 173.6 172.3 168.8 166.1 152.2 142.2 130.7 131.0 117.8 127.0 128.3 0.0 117.0 117.0 0.0 0.0 0.0 0.0 0.0 0.0 0.0 0.0 0.0 0.0 0.0 0.0 0.0 0.0 0.0 0.0 0.0 0.0 0.0 0.0 0.0 0.0
0.0 176.2 183.4 187.5 191.5 190.6 191.3 190.1 189.3 188.4 187.5 186.5 185.5 185.4 184.9 183.6 182.9 182.0 180.9 180.0 179.0 178.0 176.9 176.3 175.2 172.8 167.3 163.1 162.3 150.5 138.6 131.8 139.9 121.3 47.0 101.4 101.4 47.0 47.0 47.0 113.0 113.0 113.0 0.0 0.0 0.0 0.0 0.0 0.0 0.0 0.0 0.0 0.0 0.0 0.0 0.0 0.0 0.0 0.0 0.0
0.0 175.4 179.7 186.0 188.8 191.9 191.7 190.8 189.8 189.2 188.5 187.5 186.2 185.2 184.8 183.6 182.4 181.3 180.1 178.5 177.3 175.9 174.9 173.5 172.2 171.9 169.5 169.7 161.1 156.7 148.1 140.5 134.8 132.4 128.2 133.5 130.0 130.0 0.0 0.0 0.0 0.0 0.0 0.0 0.0 0.0 0.0 0.0 0.0 0.0 0.0 0.0 0.0 0.0 0.0 0.0 0.0 0.0 0.0 0.0
0.0 171.8 180.4 183.9 186.0 188.4 189.4 189.2 188.3 187.3 186.2 184.7 183.6 182.7 181.9 181.6 180.7 179.7 178.7 178.1 176.0 175.3 173.8 172.6 171.4 170.6 169.7 169.1 166.8 154.1 149.3 139.5 132.0 122.1 130.9 130.2 130.8 127.0 0.0 0.0 0.0 0.0 0.0 0.0 0.0 0.0 0.0 0.0 0.0 0.0 0.0 0.0 0.0 0.0 0.0 0.0 0.0 0.0 0.0 0.0
0.0 165.8 175.1 182.1 187.0 188.2 188.6 188.4 187.0 186.1 185.3 184.3 183.2 182.0 182.1 181.4 180.0 179.2 178.1 177.3 176.5 174.8 172.5 171.4 170.7 167.1 166.3 166.2 162.8 160.3 153.5 150.6 140.9 137.3 136.8 131.7 129.1 0.0 0.0 0.0 0.0 0.0 0.0 0.0 0.0 0.0 0.0 0.0 0.0 0.0 0.0 0.0 0.0 0.0 0.0 0.0 0.0 0.0 0.0 0.0
0.0 161.5 171.4 177.4 182.4 186.4 186.7 186.7 185.9 185.7 184.5 183.3 182.1 181.3 181.1 180.7 179.2 177.4 177.1 175.6 175.1 174.2 173.5 172.4 169.5 166.1 164.5 163.5 162.5 159.9 149.5 140.0 139.7 129.5 128.5 109.1 103.2 108.5 0.0 0.0 0.0 0.0 0.0 0.0 0.0 0.0 0.0 0.0 0.0 0.0 0.0 0.0 0.0 0.0 0.0 0.0 0.0 0.0 0.0 0.0
0.0 166.3 172.1 176.9 182.1 185.0 185.0 186.0 185.5 184.1 183.4 182.7 181.5 180.4 179.6 179.1 178.1 176.8 175.2 173.8 172.6 171.9 171.7 169.8 168.5 167.2 164.8 164.2 162.6 161.1 155.8 149.9 133.2 129.2 128.7 130.2 135.0 0.0 0.0 0.0 114.0 0.0 0.0 0.0 0.0 0.0 0.0 0.0 0.0 0.0 0.0 0.0 0.0 0.0 0.0 0.0 0.0 0.0 0.0 0.0
0.0 153.0 168.0 174.9 179.3 181.9 184.2 184.0 183.0 182.7 181.7 180.6 179.6 179.4 178.8 177.8 176.9 175.9 174.7 173.6 172.2 171.2 170.7 169.3 168.4 166.7 164.5 162.0 160.8 158.5 157.3 154.6 135.2 120.5 111.9 113.7 91.0 91.0 0.0 0.0 0.0 0.0 0.0 0.0 0.0 0.0 0.0 0.0 0.0 0.0 0.0 0.0 0.0 0.0 0.0 0.0 0.0 0.0 0.0 0.0
0.0 150.8 165.3 170.9 176.3 179.9 182.2 183.2 182.5 181.6 180.5 179.7 179.5 178.5 177.5 176.8 175.7 175.4 174.9 174.5 172.6 171.4 170.4 168.7 167.4 165.8 164.2 162.1 159.4 157.2 152.9 150.9 148.1 122.7 116.8 123.9 125.2 113.3 111.7 0.0 0.0 0.0 0.0 0.0 0.0 0.0 0.0 0.0 0.0 0.0 0.0 0.0 0.0 0.0 0.0 0.0 0.0 0.0 0.0 0.0
0.0 137.0 163.0 169.7 173.9 178.8 180.7 181.5 180.8 180.0 179.3 178.4 177.2 176.7 176.1 175.3 174.8 174.1 173.1 171.6 170.7 170.4 169.4 168.8 167.9 166.8 165.2 161.0 159.9 156.3 152.5 151.7 137.0 120.9 131.4 126.4 111.2 115.2 106.9 103.1 103.1 116.0 0.0 0.0 0.0 0.0 0.0 0.0 0.0 0.0 0.0 0.0 0.0 0.0 0.0 0.0 0.0 0.0 0.0 0.0
0.0 139.8 161.2 167.2 173.3 174.6 179.3 179.6 180.7 180.3 179.0 178.0 177.5 177.0 175.9 174.7 173.9 172.9 171.6 170.4 169.0 168.1 167.2 166.9 165.9 166.0 164.3 163.0 159.6 156.9 154.3 151.2 139.3 126.4 120.6 116.4 112.4 120.2 120.6 111.7 106.0 0.0 0.0 0.0 0.0 0.0 0.0 0.0 0.0 0.0 0.0 0.0 0.0 0.0 0.0 0.0 0.0 0.0 0.0 0.0
0.0 126.7 161.8 165.4 171.7 174.7 177.5 179.1 178.5 178.2 177.4 176.8 175.4 174.4 173.6 172.7 172.5 172.3 171.0 169.8 169.0 167.4 167.0 165.4 162.8 161.6 161.0 158.3 157.7 156.1 154.1 152.9 149.5 138.6 131.1 122.2 115.4 115.4 103.0 98.8 79.0 0.0 0.0 0.0 0.0 0.0 0.0 0.0 0.0 0.0 0.0 0.0 0.0 0.0 0.0 0.0 0.0 0.0 0.0 0.0
0.0 143.4 157.6 160.9 168.3 172.8 175.7 175.9 177.4 176.9 176.3 175.4 174.4 173.9 172.7 171.3 171.0 170.4 169.9 168.7 167.4 166.3 164.4 163.3 163.3 162.4 161.9 159.4 156.8 154.0 150.5 149.3 144.2 128.8 129.5 122.7 114.9 0.0 0.0 0.0 38.0 90.6 0.0 0.0 0.0 0.0 0.0 0.0 0.0 0.0 0.0 0.0 0.0 0.0 0.0 0.0 0.0 0.0 0.0 0.0
0.0 149.5 150.9 159.4 164.9 170.1 173.1 175.3 176.9 176.6 175.5 174.5 173.6 172.3 170.8 170.2 169.9 169.4 168.9 167.9 166.6 165.8 164.7 163.6 162.7 161.1 160.0 158.1 155.4 153.9 154.7 149.2 146.2 134.9 123.6 117.6 115.5 109.2 102.6 102.9 73.0 73.0 0.0 0.0 0.0 0.0 0.0 0.0 0.0 0.0 0.0 0.0 0.0 0.0 0.0 0.0 0.0 0.0 0.0 0.0
0.0 140.0 147.9 157.9 162.8 168.2 172.4 175.0 175.2 174.2 173.8 173.4 172.6 171.8 170.7 169.8 168.9 168.3 167.7 167.0 166.1 164.3 163.2 162.3 160.7 159.6 158.3 157.4 155.7 152.8 151.5 150.7 150.5 150.4 140.5 137.1 128.1 124.0 116.3 98.6 57.0 57.0 57.0 103.0 103.0 103.0 0.0 0.0 0.0 0.0 0.0 0.0 0.0 0.0 0.0 0.0 0.0 0.0 0.0 0.0
0.0 0.0 151.5 154.9 160.4 166.1 168.6 170.7 172.6 173.6 173.7 172.0 172.1 171.3 169.8 168.3 167.8 166.4 165.8 165.6 165.0 164.3 162.5 161.3 160.0 158.6 158.0 156.3 155.0 153.4 152.0 150.5 150.0 142.9 129.7 119.5 114.6 113.0 114.3 101.6 97.0 0.0 0.0 0.0 0.0 0.0 0.0 0.0 0.0 0.0 0.0 0.0 0.0 0.0 0.0 0.0 0.0 0.0 0.0 0.0
0.0 0.0 150.0 153.2 159.9 163.8 167.6 170.7 173.1 172.4 171.7 171.1 169.9 168.7 168.4 167.9 167.1 165.9 165.0 163.4 163.6 163.0 161.7 160.1 158.6 156.7 155.5 155.4 155.1 153.3 149.6 147.1 144.7 142.9 136.5 125.2 124.1 111.4 115.7 103.2 106.4 0.0 0.0 0.0 0.0 0.0 0.0 0.0 0.0 0.0 0.0 0.0 0.0 0.0 0.0 0.0 0.0 0.0 0.0 0.0
0.0 0.0 145.0 151.6 157.5 162.0 165.5 169.2 170.1 171.6 171.5 170.5 169.1 168.2 166.9 166.3 165.0 164.4 164.3 164.4 163.4 162.4 160.8 159.2 157.1 156.6 155.8 154.0 152.9 151.6 151.1 150.5 146.7 141.9 135.2 121.1 121.5 118.1 119.0 122.3 96.7 96.3 96.3 96.0 96.0 96.0 0.0 0.0 0.0 0.0 0.0 0.0 0.0 0.0 0.0 0.0 0.0 0.0 0.0 0.0
0.0 0.0 142.1 148.5 155.8 159.5 162.8 165.2 169.5 169.9 169.6 169.2 168.5 166.7 166.3 165.6 164.8 164.0 162.7 161.7 161.4 160.8 159.3 158.5 157.6 157.0 154.9 153.3 152.5 151.4 149.5 146.5 146.6 143.4 139.0 125.0 116.3 106.9 104.2 104.1 86.0 83.1 76.0 76.0 76.0 76.0 93.0 0.0 0.0 0.0 0.0 0.0 0.0 0.0 0.0 0.0 0.0 0.0 0.0 0.0
0.0 0.0 139.9 150.1 150.1 157.9 162.9 165.3 166.6 168.0 168.0 167.2 167.0 166.3 165.3 165.2 163.9 162.4 162.0 161.1 159.9 159.6 158.6 157.9 157.0 155.4 154.9 153.8 152.0 150.8 147.6 145.0 143.6 141.2 138.9 134.6 129.0 120.6 113.8 107.8 83.7 66.0 0.0 0.0 0.0 0.0 0.0 0.0 0.0 0.0 0.0 0.0 0.0 0.0 0.0 0.0 0.0 0.0 0.0 0.0
0.0 0.0 130.9 146.7 149.4 155.0 158.8 162.0 164.7 166.8 166.4 167.0 165.9 164.9 164.1 162.9 162.5 162.3 161.1 160.0 158.6 157.5 156.9 156.4 155.2 154.3 153.0 151.6 150.3 149.5 147.1 145.1 141.5 141.6 138.9 135.2 125.7 106.2 90.3 85.4 88.2 81.7 74.9 64.2 64.2 49.0 0.0 0.0 0.0 0.0 0.0 0.0 0.0 0.0 0.0 0.0 0.0 0.0 0.0 0.0
0.0 0.0 141.9 142.8 147.6 152.5 156.4 160.0 162.7 165.8 165.0 164.7 164.7 163.5 162.3 161.8 160.6 159.9 159.3 158.4 158.0 157.0 156.6 155.5 154.8 154.1 152.4 151.3 149.7 147.5 147.3 146.4 145.0 141.5 139.5 132.7 133.0 130.3 111.8 112.0 121.4 29.0 59.4 29.0 29.0 29.0 40.3 40.3 40.3 40.3 40.3 0.0 0.0 0.0 0.0 0.0 0.0 0.0 0.0 0.0
0.0 0.0 124.2 139.1 144.7 149.9 156.1 158.1 160.7 162.7 165.7 165.0 163.9 163.0 162.4 160.8 159.5 158.4 158.0 157.3 156.7 155.8 155.3 154.7 153.8 152.6 151.2 150.1 149.0 147.8 145.9 144.5 142.3 140.5 138.2 135.1 128.4 106.6 101.7 109.5 101.6 90.8 86.9 88.1 73.0 73.0 0.0 0.0 0.0 0.0 0.0 0.0 0.0 0.0 0.0 0.0 0.0 0.0 0.0 0.0
0.0 0.0 120.3 139.6 144.1 146.0 152.7 156.5 159.1 161.0 163.0 162.4 161.7 161.4 161.1 159.5 158.8 157.7 156.7 156.5 155.7 154.5 153.9 153.3 151.9 151.2 150.2 149.0 148.8 147.3 146.4 144.3 140.8 140.1 138.3 135.1 126.9 110.5 107.2 102.2 102.2 95.3 74.1 51.6 46.0 0.0 0.0 0.0 0.0 0.0 0.0 0.0 0.0 0.0 0.0 0.0 0.0 0.0 0.0 0.0
0.0 0.0 130.6 133.8 142.9 148.0 151.0 153.8 157.5 160.3 161.8 161.6 161.4 160.7 160.0 159.0 157.5 155.8 155.9 155.4 154.6 153.6 153.5 151.9 150.9 149.5 148.2 147.6 146.1 145.5 144.5 142.6 140.7 139.4 137.0 133.0 128.4 125.9 116.5 108.5 105.1 94.8 100.1 100.1 87.2 50.2 81.0 81.0 0.0 0.0 0.0 0.0 0.0 0.0 0.0 0.0 0.0 0.0 0.0 0.0
0.0 0.0 124.1 134.1 142.4 146.2 149.7 152.2 155.0 158.1 160.0 160.5 159.4 159.5 158.7 157.8 157.8 156.8 155.7 154.8 153.9 153.1 152.0 151.3 150.4 149.2 148.0 146.9 145.2 144.3 143.1 142.5 141.9 139.7 136.1 133.3 130.5 120.9 114.1 105.1 109.2 93.1 0.0 0.0 0.0 0.0 0.0 0.0 0.0 0.0 0.0 0.0 0.0 0.0 0.0 0.0 0.0 0.0 0.0 0.0
0.0 0.0 121.4 129.8 136.8 139.3 146.7 149.7 152.6 154.4 157.2 158.9 158.3 158.6 158.0 157.1 156.0 154.9 153.8 152.9 152.3 151.7 150.8 150.5 149.4 147.8 146.6 145.7 145.2 143.8 142.4 140.9 138.9 137.6 136.7 134.9 132.4 123.1 111.9 98.0 88.9 84.7 53.0 65.9 53.0 0.0 0.0 65.0 0.0 0.0 0.0 0.0 0.0 0.0 0.0 0.0 0.0 0.0 0.0 0.0
0.0 0.0 0.0 134.2 139.5 143.2 143.5 146.6 150.5 153.6 156.8 158.3 157.6 157.2 155.7 155.6 154.9 154.3 153.4 152.4 151.5 150.4 150.3 148.7 148.7 147.5 146.0 144.9 144.3 142.8 141.6 140.6 139.0 136.1 135.3 134.0 130.9 128.3 120.9 107.5 98.3 89.5 92.2 84.2 100.0 0.0 0.0 0.0 0.0 0.0 0.0 19.0 19.0 0.0 0.0 0.0 0.0 0.0 0.0 0.0
0.0 0.0 0.0 133.4 136.7 139.1 143.1 145.8 149.2 152.0 153.7 157.2 156.2 156.2 155.0 154.4 153.7 152.3 152.1 150.7 150.1 149.8 148.8 148.1 146.7 146.3 145.5 144.6 143.3 141.5 140.0 138.8 137.4 136.8 134.8 132.1 129.8 126.9 115.1 102.5 96.1 100.3 104.0 103.8 58.5 0.0 83.0 86.0 86.0 0.0 0.0 0.0 0.0 15.0 15.0 15.0 15.0 15.0 15.0 0.0
0.0 0.0 0.0 131.7 132.7 136.2 140.2 145.1 147.5 149.9 151.3 154.0 155.8 154.7 154.0 153.8 153.4 152.7 151.2 150.4 149.7 148.4 147.2 146.0 144.9 144.2 143.7 142.6 142.0 140.8 139.3 138.0 137.6 136.4 134.1 132.3 130.1 127.3 124.6 121.1 118.6 100.6 102.5 90.2 85.4 0.0 0.0 0.0 0.0 0.0 0.0 0.0 0.0 0.0 0.0 0.0 0.0 0.0 0.0 0.0
0.0 0.0 123.0 127.5 130.4 136.0 138.3 141.1 144.9 148.0 150.0 152.4 154.3 153.7 153.5 152.4 151.4 150.4 149.4 148.6 148.0 147.1 146.5 146.0 145.1 144.7 143.6 142.6 141.2 140.4 138.8 137.9 136.1 135.6 133.4 128.4 126.8 124.8 119.1 114.0 92.9 94.3 91.7 78.9 76.0 70.7 0.0 0.0 0.0 0.0 0.0 0.0 0.0 0.0 0.0 0.0 0.0 0.0 0.0 0.0
0.0 0.0 0.0 120.3 132.3 132.2 133.9 139.4 142.7 145.4 148.0 148.0 152.4 153.5 152.9 152.1 151.5 150.5 148.9 147.4 146.4 145.5 145.1 144.9 144.0 143.8 142.6 140.8 139.1 137.9 136.7 135.2 134.8 132.9 130.9 129.1 126.0 123.2 122.1 115.9 113.5 103.0 101.3 75.0 60.0 61.4 0.0 0.0 0.0 0.0 0.0 33.0 33.0 33.0 0.0 0.0 0.0 0.0 0.0 0.0
0.0 0.0 116.0 121.5 130.3 129.7 135.9 137.2 140.2 144.9 146.3 149.0 152.0 150.9 150.9 150.0 148.7 147.8 147.1 146.5 145.6 144.7 143.8 143.1 142.4 141.4 140.4 139.5 137.8 137.4 136.1 135.0 133.9 131.9 132.1 130.3 126.9 124.5 122.6 119.3 101.8 92.7 91.7 71.6 70.8 71.1 28.0 28.0 28.0 28.0 28.0 0.0 0.0 0.0 0.0 0.0 0.0 0.0 0.0 0.0
0.0 0.0 0.0 118.6 127.3 130.1 132.4 134.9 137.6 141.2 145.3 148.2 149.7 149.1 149.3 148.6 148.0 147.1 146.6 146.1 145.1 143.8 142.9 141.5 140.3 139.8 139.7 137.9 136.8 136.0 135.3 133.7 133.2 132.2 129.3 127.9 126.2 124.6 123.2 118.4 114.8 106.4 89.9 91.9 92.3 86.5 89.3 87.0 57.0 0.0 0.0 0.0 0.0 0.0 0.0 0.0 0.0 0.0 0.0 0.0
0.0 0.0 0.0 116.9 124.7 125.9 127.9 133.3 138.1 140.7 143.0 145.3 146.1 148.7 148.3 147.9 146.9 146.6 145.9 144.9 144.2 143.3 141.7 141.3 140.9 139.4 138.8 137.4 136.3 134.8 133.7 132.7 131.5 131.2 129.2 127.3 126.1 123.0 120.8 117.5 113.3 101.4 98.8 79.2 82.8 47.0 0.0 0.0 0.0 0.0 0.0 0.0 0.0 0.0 0.0 0.0 0.0 0.0 0.0 0.0
0.0 0.0 128.0 122.0 127.5 125.0 128.7 132.9 137.4 139.0 141.2 144.1 146.8 147.8 147.3 146.9 145.7 144.6 143.6 142.6 142.0 141.1 140.5 139.9 139.1 137.7 136.5 136.2 135.1 134.4 133.1 132.2 130.5 130.1 128.8 125.7 125.2 124.3 120.1 118.2 116.6 117.3 112.4 96.7 81.5 84.2 65.8 67.0 67.0 67.0 67.0 0.0 0.0 0.0 0.0 0.0 0.0 0.0 0.0 0.0
0.0 0.0 0.0 114.1 116.0 126.3 128.7 130.4 134.3 137.3 138.9 141.6 143.7 145.6 145.9 145.0 144.6 143.5 143.4 142.3 141.3 139.9 139.1 137.8 137.5 137.2 135.9 135.2 134.5 133.7 132.6 131.2 129.6 128.0 127.1 126.0 125.6 123.7 122.3 118.6 114.5 107.8 109.9 102.8 101.0 72.3 77.5 88.0 0.0 0.0 0.0 0.0 0.0 0.0 0.0 0.0 0.0 0.0 0.0 0.0
0.0 0.0 0.0 110.9 117.3 121.7 126.8 129.7 129.7 132.9 136.0 139.4 140.4 144.1 145.3 144.4 144.6 143.8 142.6 141.7 140.9 140.1 139.0 137.9 137.0 135.8 135.1 134.8 133.5 132.3 131.7 130.4 129.2 127.4 125.9 124.8 122.6 120.6 118.0 116.0 115.6 112.5 96.8 93.2 87.0 81.4 75.7 59.6 0.0 0.0 0.0 0.0 0.0 0.0 0.0 0.0 0.0 0.0 0.0 0.0
0.0 0.0 0.0 117.7 120.2 121.7 124.7 127.1 128.8 130.7 134.2 138.0 139.2 142.3 142.9 142.9 142.5 141.8 140.8 140.1 139.6 138.9 137.9 136.9 136.0 134.7 134.0 133.4 132.3 130.9 129.8 128.7 128.4 126.0 124.7 123.6 122.1 119.5 118.2 116.7 111.8 111.5 109.3 96.1 90.0 95.4 92.7 76.1 73.5 50.2 49.0 0.0 0.0 0.0 0.0 0.0 0.0 0.0 0.0 0.0
0.0 0.0 0.0 109.1 114.0 117.7 122.0 127.6 128.0 129.7 132.7 136.5 138.8 139.5 142.3 142.5 141.7 140.8 139.7 139.5 137.9 137.4 136.3 135.1 133.9 133.4 133.0 132.3 131.4 130.7 129.5 128.5 126.9 125.8 125.1 123.6 122.6 118.6 117.4 116.3 112.3 108.8 106.4 100.5 89.2 77.3 73.2 74.0 62.4 54.0 54.0 54.0 54.0 0.0 0.0 0.0 0.0 0.0 0.0 0.0
0.0 0.0 0.0 105.0 114.0 122.5 121.3 122.5 125.7 127.5 131.0 134.4 136.1 137.8 139.4 140.6 139.7 140.2 138.9 138.4 136.5 135.9 135.3 134.1 133.5 132.0 131.3 130.8 129.9 128.4 127.2 126.3 125.2 124.4 123.6 123.0 121.5 118.9 116.3 115.8 112.3 106.7 97.0 94.1 77.8 83.2 59.6 59.6 66.4 60.2 0.0 0.0 0.0 0.0 0.0 0.0 0.0 0.0 0.0 0.0
0.0 0.0 0.0 100.0 110.6 116.7 117.9 123.9 123.7 126.9 129.8 131.6 134.2 137.8 139.2 139.7 138.5 138.1 137.3 136.3 135.8 135.1 134.2 133.1 132.1 131.6 130.8 129.4 129.3 128.6 127.2 126.1 125.3 123.3 121.4 119.7 119.1 118.3 116.2 115.3 112.4 108.1 106.6 90.5 86.1 84.9 85.6 74.6 85.6 0.0 0.0 0.0 0.0 0.0 0.0 0.0 0.0 0.0 0.0 0.0
0.0 0.0 0.0 130.0 116.0 113.5 116.4 118.3 122.2 125.8 126.9 130.8 132.7 135.7 137.1 137.6 138.3 138.0 137.2 136.5 135.6 134.2 133.3 132.4 131.4 130.9 129.6 128.8 128.8 127.5 126.5 125.4 124.2 123.1 122.3 120.5 118.6 116.8 115.0 113.5 111.1 109.7 110.2 108.4 89.4 81.8 66.2 46.9 46.9 40.0 37.7 20.0 0.0 52.0 52.0 0.0 0.0 0.0 0.0 0.0
0.0 0.0 0.0 112.6 107.1 113.1 117.7 117.2 119.7 123.3 124.9 127.7 130.2 133.0 135.3 136.4 136.8 136.6 135.5 134.9 134.0 133.5 132.1 131.7 130.5 130.0 128.4 127.5 126.6 125.7 124.9 123.5 122.9 122.3 120.2 118.8 116.9 116.5 114.7 112.4 108.9 106.9 103.6 90.3 73.4 73.9 62.4 56.9 74.0 0.0 0.0 0.0 0.0 0.0 0.0 0.0 0.0 0.0 0.0 0.0
0.0 0.0 0.0 0.0 99.8 107.4 115.0 117.1 121.6 121.6 123.9 126.0 129.6 131.8 133.3 134.3 135.7 134.6 134.2 133.5 132.4 131.7 131.1 130.4 130.0 128.8 128.4 127.4 125.7 124.5 123.0 121.8 120.4 119.9 119.5 118.2 115.9 115.3 113.8 111.4 109.1 107.3 105.3 100.5 92.2 86.8 76.1 50.3 43.0 43.0 0.0 0.0 0.0 0.0 0.0 0.0 0.0 0.0 0.0 0.0
0.0 0.0 0.0 85.0 107.3 109.6 113.5 118.6 122.1 121.3 122.3 125.1 126.9 129.5 131.2 133.0 134.0 133.3 133.6 132.8 132.2 131.6 130.3 129.6 128.0 127.3 127.1 126.3 125.3 124.3 123.4 122.1 120.6 120.0 118.7 117.7 115.5 114.0 114.3 110.5 109.1 105.4 102.0 98.4 84.9 82.6 71.2 64.5 61.7 67.7 67.6 0.0 0.0 0.0 0.0 0.0 0.0 0.0 0.0 0.0
0.0 0.0 0.0 0.0 113.1 110.4 114.4 115.3 117.2 118.5 121.0 123.1 125.3 127.0 129.6 130.4 132.8 132.5 131.4 130.9 130.4 129.6 128.9 127.7 126.8 125.8 125.4 124.4 123.6 122.4 122.2 121.4 120.0 118.5 117.6 116.4 115.3 113.4 111.9 110.2 109.1 106.7 104.9 98.1 90.4 84.2 79.4 77.5 68.9 51.2 42.0 21.5 0.0 0.0 0.0 0.0 0.0 0.0 0.0 0.0
0.0 0.0 0.0 0.0 102.0 106.3 111.0 112.3 115.2 120.9 120.8 120.7 123.3 126.5 127.6 128.8 130.3 131.6 130.8 129.4 128.6 128.4 128.0 126.7 125.5 124.6 123.9 123.0 122.1 121.6 121.2 120.3 118.7 117.7 116.6 115.2 113.4 112.5 112.0 111.1 108.9 105.6 104.8 102.3 99.0 95.9 77.5 50.0 48.8 64.6 37.0 39.0 0.0 0.0 0.0 0.0 0.0 0.0 0.0 0.0
0.0 0.0 0.0 0.0 101.4 106.5 106.6 110.7 115.7 117.8 118.7 119.9 123.0 125.2 127.4 128.1 129.4 130.2 130.1 129.3 128.5 127.8 127.2 126.8 126.4 125.0 124.4 123.3 122.4 121.4 120.4 119.7 118.3 117.2 115.0 114.2 112.3 110.6 109.8 107.4 106.0 104.8 102.1 100.0 98.3 70.5 81.0 56.6 54.8 58.4 0.0 0.0 0.0 0.0 0.0 0.0 0.0 0.0 0.0 0.0
0.0 0.0 0.0 0.0 101.0 102.8 110.6 110.9 113.3 113.3 116.4 117.6 120.9 121.8 123.7 125.0 127.6 128.6 127.9 127.4 127.0 126.2 125.6 124.6 124.1 123.6 122.3 121.4 120.0 119.3 118.7 117.8 117.5 115.6 114.2 113.2 111.3 109.7 107.0 108.3 107.1 106.4 101.4 97.4 96.4 89.6 82.8 65.8 71.2 64.0 62.9 65.6 0.0 0.0 20.0 20.0 0.0 0.0 0.0 0.0
0.0 0.0 0.0 0.0 95.9 98.9 103.0 104.4 107.1 112.1 114.6 117.0 118.1 120.5 122.0 124.6 125.9 126.8 127.0 126.4 125.4 124.8 124.4 123.4 123.1 122.0 121.0 120.2 119.7 118.6 117.9 116.8 116.3 114.9 113.9 113.1 112.2 111.0 109.7 107.2 104.7 102.5 99.1 99.7 97.5 88.0 86.3 84.3 68.0 60.5 61.5 45.0 45.0 0.0 0.0 0.0 0.0 0.0 0.0 0.0
0.0 0.0 0.0 0.0 109.7 97.6 101.2 108.0 108.3 110.3 112.2 114.5 116.2 118.7 120.7 122.5 123.5 125.2 126.0 126.1 126.0 124.9 123.4 122.5 121.5 120.4 119.6 119.0 118.7 117.5 116.1 115.5 114.5 113.4 112.4 111.5 110.4 109.1 107.5 105.6 105.0 103.1 101.4 99.3 93.4 93.0 88.7 70.9 72.2 69.3 64.3 56.6 47.1 47.2 9.0 0.0 0.0 0.0 0.0 0.0
0.0 0.0 0.0 0.0 87.2 98.9 102.6 106.8 110.5 112.1 111.2 113.1 114.3 115.4 119.1 121.1 123.4 124.4 124.9 124.6 123.5 122.7 122.1 121.4 120.6 119.7 118.8 118.0 116.6 115.8 115.1 113.7 112.8 112.2 111.4 110.2 109.2 107.7 105.9 104.3 103.0 100.9 98.1 96.3 94.4 93.8 79.8 70.6 68.0 53.6 51.9 33.9 17.2 13.2 13.2 13.2 5.0 0.0 0.0 0.0
0.0 0.0 0.0 0.0 97.5 94.9 98.9 102.6 104.9 106.4 109.4 110.9 113.3 114.8 116.5 119.5 119.9 121.1 123.0 123.1 122.3 121.2 121.7 121.2 119.9 118.8 117.9 117.0 115.9 115.0 114.0 113.0 112.5 111.3 110.3 109.9 108.7 107.8 105.7 104.4 102.4 100.6 97.9 96.8 91.8 92.0 90.1 73.3 51.8 52.0 48.3 39.1 41.0 0.0 0.0 0.0 0.0 0.0 0.0 0.0
0.0 0.0 0.0 0.0 97.0 98.4 101.1 103.5 103.8 106.8 106.1 109.6 111.2 113.1 115.0 116.8 119.5 120.2 122.0 121.8 121.5 120.6 119.8 118.8 118.3 117.4 116.6 116.1 114.8 114.1 113.0 111.9 110.9 110.4 109.5 108.1 107.5 106.5 105.7 103.7 101.6 99.6 97.4 96.4 94.1 91.0 88.8 68.6 62.0 52.9 48.5 48.3 48.3 0.0 0.0 44.0 0.0 1.0 0.0 0.0
0.0 0.0 0.0 0.0 0.0 101.4 104.5 102.8 101.9 101.6 106.2 110.9 111.4 113.0 114.5 116.1 117.5 118.6 120.8 121.3 120.2 119.3 118.9 117.8 117.3 116.4 115.5 114.4 113.0 112.7 111.8 111.4 110.2 109.3 108.6 106.8 105.7 104.5 103.5 102.2 100.5 99.7 98.4 95.3 92.8 91.5 86.9 76.9 58.7 62.9 52.7 45.2 42.8 33.0 0.0 0.0 0.0 0.0 0.0 0.0
0.0 0.0 0.0 0.0 0.0 90.4 91.0 97.2 101.1 101.7 103.9 108.1 107.9 109.9 111.6 113.0 114.8 116.8 117.6 119.3 118.4 118.1 117.8 116.7 116.4 116.2 115.2 114.4 113.6 112.7 111.5 110.2 109.3 108.1 107.3 105.8 105.1 104.1 102.9 101.5 100.0 98.6 97.1 95.1 93.5 90.1 87.1 81.3 70.6 59.4 44.2 25.0 20.5 20.5 0.0 0.0 0.0 0.0 0.0 0.0
0.0 0.0 0.0 0.0 0.0 89.8 96.3 95.3 102.0 103.4 104.4 104.9 106.2 108.3 110.2 111.8 113.4 115.1 116.7 117.5 118.3 117.3 116.2 115.3 114.9 113.9 113.0 112.1 111.5 111.1 109.8 108.8 108.1 107.6 107.1 105.8 105.0 103.7 102.4 101.6 100.3 97.9 96.9 95.7 93.7 90.5 86.5 79.9 63.3 64.5 33.0 35.0 0.0 39.8 41.0 0.0 0.0 0.0 0.0 0.0
0.0 0.0 0.0 0.0 88.0 93.0 92.5 94.5 98.2 101.1 104.1 103.2 103.7 106.6 108.7 109.9 112.0 114.0 115.6 115.9 116.1 115.1 115.1 114.8 114.1 113.4 113.1 112.6 111.7 110.2 109.3 108.3 107.2 106.4 105.6 104.3 102.9 101.8 100.6 99.8 98.4 97.5 96.1 95.9 94.3 92.9 86.4 83.5 80.4 74.3 74.2 44.0 46.1 44.0 0.0 0.0 0.0 0.0 0.0 0.0
0.0 0.0 0.0 0.0 90.0 88.4 90.7 94.8 96.3 99.9 99.9 101.6 102.6 104.3 105.1 107.6 109.0 110.3 111.6 113.5 115.6 115.3 114.4 113.1 112.2 111.6 110.4 109.6 109.4 108.7 108.0 107.4 106.2 105.1 104.3 103.7 102.8 101.4 100.1 99.1 96.7 95.9 94.7 92.5 92.3 90.2 88.2 84.9 75.2 58.2 32.2 39.0 40.1 30.2 29.0 29.0 29.0 0.0 0.0 0.0
0.0 0.0 0.0 0.0 0.0 83.8 92.2 94.3 95.0 95.7 97.6 100.4 102.4 102.9 104.7 106.5 108.9 109.9 110.9 113.1 114.1 113.7 112.9 112.0 111.6 110.9 110.1 109.3 108.2 107.0 106.7 105.7 104.9 104.1 102.8 102.2 101.4 100.1 99.1 98.1 96.9 95.2 93.5 92.0 90.1 87.1 83.9 79.4 76.7 68.3 64.1 60.9 0.0 0.0 0.0 0.0 0.0 0.0 0.0 0.0
0.0 0.0 0.0 0.0 0.0 82.6 89.2 92.1 94.2 92.5 95.6 97.0 100.7 102.2 103.9 105.0 106.7 109.1 109.8 110.6 112.6 111.8 110.7 111.2 110.3 110.2 109.1 108.5 108.0 106.9 105.9 105.0 104.2 102.8 101.6 100.4 99.6 98.5 97.7 95.7 95.7 94.4 92.3 89.3 88.2 86.2 84.5 81.0 74.8 70.4 54.5 43.3 45.2 41.0 0.0 0.0 8.0 0.0 0.0 0.0
0.0 0.0 0.0 0.0 0.0 89.2 86.4 90.5 91.8 92.9 94.3 96.9 98.2 99.8 102.6 103.6 105.9 107.0 108.5 108.4 109.9 111.6 110.9 110.5 109.4 108.4 107.3 106.8 106.1 105.4 104.9 104.3 102.9 102.0 101.1 99.9 99.0 97.8 96.4 95.8 94.0 93.6 92.1 90.7 88.5 87.2 86.6 84.5 81.3 69.4 50.5 33.0 53.7 35.6 38.4 0.0 0.0 0.0 0.0 0.0
0.0 0.0 0.0 0.0 0.0 107.3 88.1 92.0 89.9 94.0 97.1 96.4 98.5 98.4 99.2 100.7 103.3 104.3 106.0 107.2 109.1 110.2 110.0 109.2 107.6 106.9 106.0 105.4 104.6 104.1 103.3 102.5 101.9 101.2 100.3 99.2 98.3 97.3 95.8 94.2 93.2 91.8 90.5 88.8 87.9 86.4 84.6 83.3 80.9 63.3 46.8 30.5 24.3 32.2 35.6 0.0 34.0 0.0 0.0 0.0
0.0 0.0 0.0 0.0 0.0 73.0 84.5 89.1 91.4 92.3 93.1 93.7 95.9 97.5 98.3 100.4 101.5 103.2 104.5 105.9 107.4 108.6 108.8 107.4 106.9 106.0 106.1 105.1 104.4 104.1 103.2 101.5 100.3 99.6 99.0 98.5 97.5 96.2 94.5 93.1 92.6 90.7 89.2 88.3 86.5 86.3 83.1 80.5 78.1 75.4 53.9 45.1 40.7 25.8 18.0 18.0 18.0 0.0 0.0 0.0
0.0 0.0 0.0 0.0 0.0 75.4 89.2 87.8 89.3 90.8 93.9 94.2 95.6 95.6 97.5 99.5 99.9 101.4 102.0 103.4 105.8 107.4 107.5 106.8 106.0 105.0 104.3 103.7 102.6 102.2 101.5 100.4 99.8 98.9 97.6 96.9 95.7 94.5 93.4 92.5 91.1 89.5 88.1 87.3 85.8 84.7 83.3 78.3 75.8 73.1 73.3 51.2 50.1 46.1 32.9 16.3 16.3 0.0 0.0 0.0
0.0 0.0 0.0 0.0 0.0 83.0 80.1 85.6 88.0 89.1 91.4 92.2 93.7 93.5 95.6 97.0 99.0 99.7 102.1 102.4 103.4 105.3 105.8 105.5 104.8 103.6 102.9 102.3 101.8 101.0 100.8 100.1 99.2 97.5 96.6 95.7 94.5 93.7 92.4 91.5 89.9 88.4 88.0 85.9 84.2 82.6 79.9 76.6 74.4 70.5 65.9 54.2 38.5 27.4 22.6 28.6 16.6 16.0 0.0 0.0
0.0 0.0 0.0 0.0 0.0 0.0 74.9 80.8 84.3 86.1 87.6 90.3 90.4 92.0 93.8 94.0 95.3 98.0 99.0 100.8 101.5 103.3 104.4 104.5 103.5 102.8 102.2 101.1 100.3 100.1 99.3 98.6 98.0 97.2 95.8 94.8 94.0 92.9 92.2 90.5 90.0 88.3 86.6 84.9 82.9 81.6 79.3 78.5 76.7 73.1 64.7 55.5 46.0 35.1 20.8 20.8 0.0 0.0 0.0 0.0
0.0 0.0 0.0 0.0 0.0 0.0 78.5 82.8 84.3 89.3 88.4 89.3 92.0 92.8 93.5 94.5 95.3 97.0 97.0 99.2 100.8 101.0 102.6 103.2 102.9 102.1 100.9 99.7 99.3 99.0 97.9 97.0 96.4 95.3 94.1 93.2 92.7 92.0 91.1 89.8 88.6 87.4 85.7 84.2 82.6 80.5 79.5 78.8 75.1 70.0 67.9 55.2 40.6 39.6 31.7 31.8 24.4 20.0 0.0 0.0
0.0 0.0 0.0 0.0 0.0 0.0 76.8 77.6 80.2 85.2 84.8 86.3 88.5 88.0 90.3 91.4 93.6 95.2 96.6 98.7 99.3 100.5 101.4 101.4 101.3 100.5 99.2 98.6 98.4 97.2 96.7 95.9 95.0 94.1 94.2 93.1 91.7 90.5 89.7 88.8 87.7 86.4 84.4 82.8 82.1 80.4 79.3 77.4 75.3 71.3 69.3 62.2 36.1 24.6 25.6 25.4 19.0 19.0 0.0 0.0
0.0 0.0 0.0 0.0 0.0 0.0 87.1 77.6 78.8 81.2 81.5 84.9 86.6 88.4 90.2 91.0 92.0 93.6 94.5 96.0 98.2 98.9 99.8 100.6 100.7 100.0 99.6 98.3 97.3 96.9 95.9 95.4 94.2 93.1 92.2 91.6 90.5 89.8 88.4 87.6 86.0 85.1 83.9 82.3 81.4 79.3 78.2 76.5 73.6 71.1 66.4 60.2 58.7 43.0 31.4 32.0 0.0 0.0 0.0 0.0
0.0 0.0 0.0 0.0 0.0 69.0 71.6 75.2 75.6 79.5 82.2 82.7 85.9 87.8 88.4 89.5 90.5 91.9 92.9 93.6 95.2 96.8 97.4 99.3 99.4 98.6 97.9 96.7 95.6 94.4 93.7 93.6 92.7 92.2 91.5 90.4 89.5 88.8 87.9 86.8 85.7 84.5 83.4 82.0 80.6 79.5 77.6 75.3 73.4 70.1 67.9 64.2 48.1 44.0 26.8 23.0 23.0 23.0 0.0 0.0
0.0 0.0 0.0 0.0 0.0 0.0 72.7 76.8 77.6 81.5 82.5 82.9 83.0 84.8 85.8 87.3 89.1 89.9 91.5 92.0 93.0 94.3 95.7 97.0 98.4 97.5 96.6 96.0 95.7 95.3 93.9 92.9 92.4 91.4 90.4 89.6 88.5 87.4 86.8 85.5 84.8 83.5 82.2 80.6 78.8 77.2 75.0 73.7 72.7 69.7 68.3 64.5 47.7 37.1 33.3 33.0 13.1 13.6 13.3 0.0
0.0 0.0 0.0 0.0 0.0 0.0 67.7 69.5 78.2 80.3 81.2 82.5 82.1 83.5 84.6 86.2 86.4 89.1 89.4 90.9 92.2 93.4 94.6 96.1 96.6 95.6 95.0 94.5 94.5 93.6 92.7 91.9 91.2 90.4 89.4 88.4 87.3 86.6 85.8 84.9 83.5 82.2 81.1 79.8 78.2 76.8 75.5 73.8 72.2 69.4 64.7 61.2 34.9 38.7 23.3 26.4 22.0 8.5 8.5 0.0
0.0 0.0 0.0 0.0 0.0 0.0 97.0 79.7 81.4 80.1 80.9 81.1 79.8 81.8 83.4 84.4 85.1 85.5 87.5 90.4 90.8 91.7 93.6 93.1 94.6 94.6 94.5 94.1 93.2 92.0 91.2 90.4 90.1 89.5 88.6 87.7 86.4 85.5 84.4 83.4 82.2 81.8 80.6 79.2 77.8 75.6 73.5 71.9 69.4 67.9 66.3 62.5 54.8 32.6 23.1 23.7 26.5 15.1 16.0 0.0
0.0 0.0 0.0 0.0 0.0 0.0 72.5 67.4 70.0 72.2 76.6 78.7 79.1 80.6 82.2 82.6 84.2 84.7 87.4 87.7 89.0 90.0 91.4 92.0 93.3 93.1 93.5 92.7 91.6 90.7 90.5 89.1 88.6 88.1 86.7 86.3 85.4 83.9 83.2 81.9 81.5 80.0 79.1 78.3 76.5 74.8 73.4 72.0 70.9 67.2 65.2 62.8 55.6 47.6 20.5 19.1 30.8 0.0 9.0 0.0
0.0 0.0 0.0 0.0 0.0 0.0 69.8 71.0 71.4 75.4 78.0 80.1 78.1 81.7 82.1 81.7 83.0 84.0 85.1 85.6 86.8 86.9 88.9 91.9 92.1 91.5 91.4 91.4 90.5 90.4 89.7 88.9 87.6 86.6 85.1 84.1 83.6 82.9 82.4 81.2 79.8 79.5 77.9 76.4 74.0 73.4 72.1 71.0 69.6 68.1 65.3 59.8 57.1 38.1 35.8 30.2 16.8 7.2 0.0 0.0
0.0 0.0 0.0 0.0 0.0 0.0 0.0 68.6 69.3 72.9 72.3 78.5 78.7 79.0 78.6 80.1 80.6 82.1 83.3 85.2 86.5 87.5 88.0 89.4 90.8 91.4 91.1 90.7 89.8 88.4 87.5 86.9 86.4 86.2 84.9 83.8 83.0 81.7 80.5 80.3 79.3 77.7 76.8 75.1 74.0 73.5 71.7 70.6 68.3 66.7 62.3 59.9 58.3 54.0 35.3 25.0 23.5 12.0 2.9 0.0
0.0 0.0 0.0 0.0 0.0 0.0 69.0 64.9 69.5 71.9 72.7 73.5 77.3 79.7 80.0 80.7 80.2 81.6 83.2 83.4 85.5 86.0 86.8 87.7 88.3 89.5 89.0 89.0 87.7 87.2 86.7 85.7 85.4 84.5 84.3 83.4 83.0 82.2 81.3 80.0 78.6 77.4 76.0 75.0 73.9 72.1 69.7 68.3 67.1 66.0 64.1 59.7 56.5 48.1 31.1 22.3 20.6 5.7 5.7 0.0
0.0 0.0 0.0 0.0 0.0 0.0 65.0 66.7 66.7 71.3 71.0 72.1 72.3 73.2 76.4 76.5 78.5 80.0 80.8 83.0 83.3 84.0 84.7 85.4 86.7 87.4 87.5 87.5 87.2 86.2 85.6 85.0 83.9 83.2 82.8 82.3 81.0 80.4 79.3 78.5 77.6 76.7 75.7 74.5 72.6 71.5 70.9 69.2 66.2 66.3 62.1 60.8 55.0 51.8 35.4 27.3 14.5 16.2 8.8 0.0
0.0 0.0 0.0 0.0 0.0 0.0 0.0 61.4 65.3 70.8 70.2 71.7 75.4 75.0 74.7 76.4 77.0 78.1 78.7 78.9 80.7 82.2 83.2 84.1 84.8 85.8 86.1 86.1 85.8 84.7 84.1 83.4 82.3 81.8 81.3 80.5 79.6 79.3 78.7 77.7 76.1 75.0 73.7 72.8 71.6 69.9 68.3 66.8 64.8 63.6 61.7 58.6 57.5 51.3 43.3 33.0 19.7 16.4 7.7 0.0
0.0 0.0 0.0 0.0 0.0 0.0 0.0 70.3 69.5 66.2 69.0 70.0 73.3 75.4 74.9 75.5 76.1 76.7 78.4 78.9 79.6 80.6 82.2 83.0 83.7 84.9 85.6 85.4 84.9 84.0 83.4 82.8 82.0 81.5 81.0 79.9 78.9 77.7 76.5 75.8 74.9 74.3 73.5 72.5 71.1 69.6 68.4 66.7 65.3 62.7 61.4 58.9 53.6 50.2 39.4 30.9 15.8 14.8 5.7 0.0
0.0 0.0 0.0 0.0 0.0 0.0 0.0 63.3 67.4 65.1 70.4 71.6 71.6 72.5 72.9 73.3 74.5 74.6 75.5 76.6 78.4 80.0 81.6 82.7 82.6 83.0 84.0 84.3 83.5 82.9 82.4 81.8 81.0 80.5 79.7 78.8 77.4 76.4 76.0 75.1 74.5 73.3 72.2 70.9 69.7 68.4 67.7 66.0 64.3 62.1 60.4 57.2 54.6 48.3 43.0 16.8 8.6 5.6 1.0 0.0
0.0 0.0 0.0 0.0 0.0 0.0 0.0 57.7 65.0 63.2 63.8 68.2 68.1 70.9 71.1 73.1 73.8 74.6 75.4 75.8 75.8 77.7 78.8 78.9 80.5 81.3 82.7 82.2 81.6 81.6 81.2 80.3 79.6 78.7 78.2 77.2 76.6 75.1 73.9 73.5 72.9 71.5 70.9 69.6 68.4 66.9 65.5 63.8 62.6 61.3 60.3 58.5 52.8 50.0 47.7 24.5 16.4 14.6 11.0 0.0
0.0 0.0 0.0 0.0 0.0 0.0 59.0 57.0 55.6 62.6 65.9 65.7 66.8 69.9 70.3 71.3 72.6 73.7 74.2 74.7 75.8 76.5 76.7 77.6 79.2 79.5 79.9 81.2 81.8 80.6 79.5 78.7 78.1 77.8 77.1 76.3 75.9 74.7 73.8 73.1 72.0 71.0 69.9 69.0 67.7 66.4 64.5 63.2 61.6 61.0 58.5 56.8 54.5 48.7 45.6 42.0 19.9 15.6 9.7 0.0
0.0 0.0 0.0 0.0 0.0 0.0 0.0 68.4 61.4 60.8 62.3 65.7 68.6 66.6 68.1 69.4 70.7 71.5 71.7 72.7 74.5 75.0 75.7 76.6 77.1 78.5 78.6 79.5 78.7 79.2 78.9 78.2 77.1 76.2 75.6 74.8 74.0 73.7 72.9 71.8 71.1 69.9 68.8 68.1 67.5 65.7 63.6 62.7 60.6 59.1 57.2 54.6 52.7 48.9 42.5 30.7 13.6 7.3 0.0 0.0
0.0 0.0 0.0 0.0 0.0 0.0 0.0 0.0 56.3 59.5 62.9 62.2 65.7 66.7 67.8 67.4 68.7 69.5 69.9 70.7 71.6 73.3 73.0 73.9 75.7 76.4 77.4 78.8 78.4 78.3 77.6 77.1 76.3 75.3 74.8 74.0 72.9 72.1 70.8 70.2 69.5 68.4 67.9 66.8 65.6 64.4 63.6 61.2 59.9 58.5 56.8 53.5 51.5 49.4 42.4 35.7 18.9 14.6 5.9 0.0
0.0 0.0 0.0 0.0 0.0 0.0 0.0 0.0 58.3 62.2 64.7 66.1 64.8 63.9 65.6 66.0 67.0 67.8 68.1 69.2 71.3 72.5 72.8 73.1 73.6 74.5 75.9 77.2 76.8 76.8 76.3 76.0 75.5 74.4 73.9 73.5 73.0 71.8 70.8 69.8 68.8 67.6 66.6 65.7 64.7 63.9 62.7 61.6 60.0 58.2 55.9 54.5 52.0 49.8 41.5 31.2 23.0 15.9 9.3 0.0
0.0 0.0 0.0 0.0 0.0 0.0 0.0 0.0 55.6 55.3 56.7 62.3 63.8 65.9 65.2 66.4 65.8 68.3 69.4 69.7 68.9 70.4 71.0 70.8 71.0 72.2 73.9 74.5 75.2 75.7 74.7 74.7 73.6 72.6 72.2 71.7 71.4 70.6 69.8 69.0 68.2 67.3 65.8 64.7 63.6 63.0 61.7 60.6 58.7 56.0 54.4 52.2 50.1 47.9 43.6 31.4 28.1 12.6 3.7 0.0
0.0 0.0 0.0 0.0 0.0 0.0 0.0 58.4 56.5 61.1 62.2 60.5 62.4 63.1 63.6 64.3 63.9 63.4 65.9 67.1 67.2 67.6 69.8 69.9 71.2 71.7 72.9 74.3 74.8 74.2 74.0 73.4 72.7 71.8 70.9 70.4 69.5 68.5 68.1 67.3 66.6 66.1 64.9 64.1 63.3 62.2 61.0 58.8 57.4 55.9 54.5 53.2 49.0 46.2 44.0 39.4 13.2 8.3 8.9 0.0
0.0 0.0 0.0 0.0 0.0 0.0 0.0 0.0 52.8 51.3 57.3 60.2 60.0 60.2 61.9 61.5 62.8 63.6 63.8 65.0 67.1 66.4 67.8 69.0 69.7 70.2 71.3 72.6 73.0 73.4 72.4 71.7 71.2 70.6 69.6 68.7 68.4 68.1 67.4 66.6 65.6 65.0 63.5 62.7 61.9 60.3 59.0 57.7 56.3 55.8 54.3 51.1 49.4 46.8 43.1 37.9 22.2 12.7 8.0 0.0
0.0 0.0 0.0 0.0 0.0 0.0 0.0 0.0 54.7 51.8 54.7 57.2 59.2 58.9 61.2 61.0 62.4 63.5 63.1 65.7 65.6 66.0 66.9 67.5 68.4 69.0 69.8 69.9 71.0 72.2 71.4 70.2 69.5 69.5 68.9 68.6 68.0 66.9 66.3 65.5 64.5 63.8 63.2 62.0 60.6 59.0 57.7 56.7 55.9 53.7 51.9 50.7 48.9 46.7 42.2 36.4 24.7 16.2 7.6 0.0
0.0 0.0 0.0 0.0 0.0 0.0 0.0 0.0 54.6 53.7 59.5 58.1 56.9 59.7 60.6 59.7 60.6 61.3 62.3 63.7 64.6 64.0 64.2 65.0 66.0 67.4 67.7 68.5 69.2 69.7 70.1 69.5 68.9 68.7 67.9 66.9 66.2 65.5 64.9 64.4 64.0 62.7 61.9 61.0 60.0 59.1 57.9 56.6 55.3 53.8 51.6 50.4 47.8 45.2 41.2 35.2 28.0 14.7 2.6 0.0
0.0 0.0 0.0 0.0 0.0 0.0 0.0 0.0 52.7 52.9 59.6 57.9 55.5 57.8 57.0 59.2 60.4 60.8 60.4 60.9 63.4 62.7 63.5 64.7 65.6 66.4 67.3 68.0 68.5 68.9 69.0 68.6 68.3 67.8 66.6 65.8 65.3 65.1 64.4 63.1 62.2 61.8 60.5 59.9 58.6 57.8 56.3 55.2 53.6 52.0 51.0 49.1 47.4 44.3 42.2 35.8 24.8 20.8 6.3 0.0
0.0 0.0 0.0 0.0 0.0 0.0 0.0 0.0 49.5 53.9 58.6 54.1 53.1 53.4 55.3 56.3 57.6 57.3 59.9 60.0 60.9 60.7 61.9 62.9 64.2 65.2 65.4 66.2 66.5 66.8 67.3 67.7 67.1 66.4 65.8 64.6 63.9 63.2 62.5 61.6 61.2 60.6 59.5 58.5 58.0 56.6 55.6 54.1 52.9 51.6 50.2 48.3 46.4 44.0 40.7 36.0 26.0 16.9 7.5 0.0
0.0 0.0 0.0 0.0 0.0 0.0 0.0 0.0 0.0 52.0 54.2 55.2 56.6 57.7 59.2 57.8 57.0 56.8 58.9 60.0 60.4 60.4 60.7 61.0 62.4 62.8 63.7 64.6 65.5 66.1 66.5 66.1 65.7 64.9 64.2 63.5 63.0 62.3 61.4 60.5 59.8 58.9 58.1 57.3 56.7 55.8 54.7 53.2 51.5 50.5 48.7 47.3 45.5 43.5 39.4 35.9 25.5 13.4 9.8 0.0
0.0 0.0 0.0 0.0 0.0 0.0 0.0 0.0 0.0 46.8 54.3 52.5 51.4 53.5 54.1 55.6 57.6 57.6 57.4 57.3 58.8 58.7 59.3 59.8 59.9 61.7 61.8 62.9 64.3 64.8 64.7 64.4 63.8 63.7 62.9 62.4 61.7 61.1 60.2 59.5 58.9 58.0 57.4 56.3 55.2 54.5 53.6 52.4 51.4 49.9 48.5 46.6 44.4 42.4 38.8 34.2 28.5 13.2 6.7 0.0
0.0 0.0 0.0 0.0 0.0 0.0 0.0 0.0 49.8 50.0 48.5 49.8 53.2 53.7 53.4 53.8 55.1 55.4 56.5 56.5 56.9 58.3 58.6 59.1 59.4 59.5 60.4 61.3 62.0 62.4 63.2 63.6 63.2 62.8 62.1 61.0 60.1 59.6 59.3 58.6 57.5 56.6 55.9 54.8 54.0 53.2 52.3 51.2 49.8 48.3 46.6 44.8 43.2 42.0 38.2 35.8 29.8 15.6 7.4 0.0
0.0 0.0 0.0 0.0 0.0 0.0 0.0 0.0 0.0 44.6 48.4 49.1 50.7 52.0 51.9 53.6 54.9 54.1 55.2 54.2 54.8 56.5 56.3 56.8 57.3 57.8 58.7 59.3 60.4 60.7 61.9 62.9 62.2 61.4 61.3 60.8 59.9 59.3 58.3 57.6 56.9 56.0 55.2 54.1 53.3 51.8 50.8 50.1 49.1 47.7 46.3 44.7 43.0 41.0 37.3 34.4 28.1 13.8 7.2 0.0
0.0 0.0 0.0 0.0 0.0 0.0 0.0 0.0 53.0 51.1 45.9 48.0 48.8 49.7 51.9 52.4 51.6 52.2 53.1 52.7 52.8 55.0 55.4 55.6 56.1 56.0 58.1 58.4 59.6 60.4 60.5 60.6 60.5 60.2 59.7 59.0 58.0 57.3 56.5 56.3 55.3 54.4 54.0 53.2 52.2 51.0 50.6 49.5 48.5 47.0 45.6 43.9 41.9 40.2 37.4 34.5 32.1 21.9 7.3 0.0
0.0 0.0 0.0 0.0 0.0 0.0 0.0 0.0 0.0 50.8 47.6 46.2 47.9 49.4 49.2 51.5 50.7 50.9 52.5 52.9 53.0 54.2 55.1 55.5 55.5 56.0 56.3 56.1 57.0 58.1 58.7 58.2 59.8 59.1 58.2 57.5 56.8 56.5 55.8 55.1 54.3 53.7 53.0 52.2 51.4 50.7 49.6 48.4 47.5 45.8 44.4 42.6 40.9 39.1 37.2 33.1 27.4 18.8 5.5 0.0
0.0 0.0 0.0 0.0 0.0 0.0 0.0 0.0 0.0 55.2 44.9 46.6 50.2 47.8 50.3 48.6 49.2 49.0 50.8 52.5 53.0 53.5 53.6 53.0 53.5 53.8 54.5 55.4 56.5 56.8 57.4 57.3 57.2 57.0 56.8 56.7 55.8 55.5 54.7 53.6 53.3 52.7 52.4 51.4 50.1 49.0 48.1 47.3 45.8 44.8 43.6 42.3 39.9 37.7 35.9 33.3 27.5 21.7 9.1 0.0
0.0 0.0 0.0 0.0 0.0 0.0 0.0 0.0 0.0 0.0 41.6 47.4 46.2 44.8 45.8 47.2 46.9 48.9 48.1 49.7 50.1 50.8 50.7 51.5 52.0 52.1 53.3 53.7 54.2 55.4 55.9 56.1 56.4 55.9 55.8 55.1 54.8 54.1 53.5 52.5 51.9 51.0 50.5 49.7 49.1 48.5 47.4 46.2 44.8 43.9 42.2 40.5 39.0 37.0 34.8 31.8 28.2 18.9 6.5 0.0
0.0 0.0 0.0 0.0 0.0 0.0 0.0 0.0 0.0 42.9 43.5 47.3 47.4 45.0 46.4 47.4 46.6 46.9 47.8 48.1 48.4 48.9 50.2 50.7 51.8 51.9 52.6 52.9 52.8 53.2 54.0 54.7 54.8 55.1 54.9 54.6 53.9 53.3 52.5 52.0 51.3 50.5 49.7 48.8 47.9 47.3 46.1 45.4 44.0 42.6 41.2 40.0 38.2 36.4 34.1 31.7 26.6 19.2 10.3 0.0
0.0 0.0 0.0 0.0 0.0 0.0 0.0 0.0 42.0 47.5 47.7 40.3 43.8 41.3 45.4 43.4 44.3 46.0 46.2 47.8 48.1 48.4 48.5 48.9 49.4 50.1 50.3 50.5 52.3 52.7 52.7 53.2 54.1 53.7 53.2 52.8 52.3 51.4 51.2 50.9 50.1 49.5 48.6 47.7 46.9 45.7 44.9 44.4 42.8 41.8 40.5 39.0 37.9 36.5 34.7 32.3 27.5 18.7 9.6 0.0
0.0 0.0 0.0 0.0 0.0 0.0 0.0 0.0 0.0 0.0 38.8 39.0 42.0 43.4 44.1 44.7 45.1 46.9 46.5 46.7 46.7 46.6 46.9 47.6 47.2 48.0 48.4 49.4 50.2 51.0 51.5 51.8 52.2 52.1 52.0 51.4 51.1 50.6 49.3 48.8 48.0 47.3 46.9 46.5 45.8 44.9 44.3 43.7 42.6 41.4 39.8 38.5 36.7 35.3 33.0 30.8 26.6 19.4 9.5 0.0
0.0 0.0 0.0 0.0 0.0 0.0 0.0 0.0 0.0 0.0 38.2 44.7 42.2 42.5 43.1 44.2 45.6 45.1 44.6 45.0 45.8 46.3 46.2 46.6 46.7 46.2 46.8 46.8 47.0 48.9 49.6 50.0 49.6 50.3 50.8 50.9 50.5 49.3 48.7 48.0 47.2 46.6 45.8 45.2 44.4 43.6 43.0 42.1 41.2 40.3 39.2 37.8 36.1 34.2 32.8 30.0 24.9 19.3 8.6 0.0
0.0 0.0 0.0 0.0 0.0 0.0 0.0 0.0 0.0 38.0 45.4 36.6 36.1 42.8 41.4 43.0 43.3 43.2 43.8 43.3 44.2 45.2 45.3 45.4 46.1 47.1 45.9 46.4 46.6 47.4 47.9 49.5 49.6 50.0 49.7 49.5 49.4 48.5 47.7 47.0 46.3 45.5 44.6 44.1 43.7 42.9 42.0 40.8 40.0 39.2 37.9 36.6 34.8 33.2 31.7 29.5 25.6 21.5 9.3 0.0
0.0 0.0 0.0 0.0 0.0 0.0 0.0 0.0 0.0 43.0 41.3 41.0 36.3 40.4 41.9 41.0 40.5 41.9 42.4 41.9 42.6 42.5 43.8 44.3 44.9 44.7 45.2 45.2 45.4 46.1 46.5 47.1 47.5 47.9 48.0 47.7 47.6 47.0 46.3 45.9 45.0 44.6 43.8 43.2 42.6 42.1 41.1 40.2 39.3 38.0 36.4 35.7 34.1 32.6 30.6 28.4 24.5 19.2 9.1 0.0
0.0 0.0 0.0 0.0 0.0 0.0 0.0 0.0 0.0 39.4 37.8 32.4 42.4 37.9 38.9 39.5 39.0 39.8 39.5 40.6 42.2 42.3 42.2 42.8 43.3 43.9 44.0 44.2 44.7 44.7 45.7 45.8 45.9 46.0 46.6 46.3 45.6 45.3 45.1 44.5 43.9 43.4 42.3 42.1 41.5 40.7 40.0 38.9 37.8 36.9 35.9 34.6 33.3 31.8 29.3 27.4 24.6 18.4 11.0 0.0
0.0 0.0 0.0 0.0 0.0 0.0 0.0 0.0 0.0 0.0 31.5 34.1 40.6 40.1 38.9 36.9 40.8 40.5 40.4 40.0 40.4 39.8 40.4 41.7 42.5 42.2 42.5 43.2 43.4 43.1 43.7 43.8 44.2 44.9 45.3 44.5 44.7 44.4 43.7 43.6 43.2 42.4 41.7 40.9 40.1 39.5 38.8 37.8 37.2 35.9 35.1 33.8 32.0 30.7 29.2 27.0 24.4 18.4 9.9 0.0
0.0 0.0 0.0 0.0 0.0 0.0 0.0 0.0 0.0 0.0 37.6 35.0 35.6 36.7 35.2 39.2 39.3 38.8 38.1 37.6 38.9 39.0 40.4 39.9 39.8 40.0 40.4 41.3 41.1 42.1 42.6 43.4 42.5 42.9 43.4 43.9 43.7 43.5 42.8 42.3 41.4 41.1 40.4 39.6 39.1 38.2 37.5 36.9 36.1 34.9 34.2 33.1 31.8 30.4 28.4 25.6 23.6 18.6 10.6 0.0
0.0 0.0 0.0 0.0 0.0 0.0 0.0 0.0 0.0 31.6 35.4 41.9 37.7 37.5 35.3 33.7 34.5 35.6 37.2 39.2 38.2 38.4 39.2 39.6 39.4 39.1 39.4 40.0 40.6 41.0 41.3 42.1 42.0 41.4 41.5 42.1 42.9 42.4 41.7 40.9 40.3 39.9 39.5 38.4 37.7 37.3 36.5 35.5 34.9 33.8 33.2 31.9 30.6 29.0 27.1 25.1 22.5 18.8 7.7 0.0
0.0 0.0 0.0 0.0 0.0 0.0 0.0 0.0 0.0 0.0 0.0 33.1 36.7 39.8 33.8 33.9 35.5 35.1 37.2 37.4 37.0 37.1 37.3 37.7 37.2 38.3 37.9 38.1 38.9 39.3 39.1 39.8 40.6 40.4 41.3 41.3 40.6 40.5 40.2 39.9 39.3 38.6 37.8 37.2 36.6 36.0 35.1 34.7 33.9 33.1 32.2 31.1 29.8 28.2 26.7 24.7 22.1 17.9 9.1 0.0
0.0 0.0 0.0 0.0 0.0 0.0 0.0 0.0 0.0 0.0 26.1 24.9 28.5 29.5 33.8 35.1 36.1 35.8 34.5 34.0 35.9 36.4 35.8 36.2 37.1 37.4 37.4 36.9 37.3 37.7 37.8 38.2 39.3 39.2 39.3 39.8 39.9 39.9 39.3 38.9 38.6 37.5 37.1 36.4 35.7 34.8 33.9 33.1 32.5 31.7 30.7 29.8 28.9 27.5 25.9 23.6 21.7 18.2 10.1 0.0
0.0 0.0 0.0 0.0 0.0 0.0 0.0 0.0 0.0 0.0 33.0 28.9 31.2 29.9 33.4 33.4 34.7 33.8 32.9 34.4 34.6 35.0 35.1 34.6 35.6 35.8 36.3 36.7 36.3 36.0 36.9 37.3 37.9 38.1 37.9 38.0 37.8 38.1 37.9 37.1 36.8 36.2 35.6 34.8 34.1 33.6 32.7 32.1 31.8 30.9 29.6 29.1 28.0 26.1 25.0 23.2 21.0 17.0 9.8 0.0
0.0 0.0 0.0 0.0 0.0 0.0 0.0 0.0 0.0 0.0 0.0 36.6 30.6 32.7 31.0 31.9 30.7 31.4 32.5 33.4 32.5 33.6 34.0 34.4 34.2 34.7 34.7 34.8 34.7 34.7 34.9 35.5 35.8 36.5 36.5 36.7 36.7 37.0 36.6 36.1 35.4 35.1 34.3 33.8 32.9 32.4 31.9 31.2 30.7 29.5 28.6 27.7 26.5 25.4 24.0 22.2 19.7 16.8 9.5 0.0
0.0 0.0 0.0 0.0 0.0 0.0 0.0 0.0 0.0 31.0 31.7 29.4 28.6 28.8 28.2 30.0 30.3 31.1 32.0 31.4 31.5 31.3 31.6 31.9 32.8 32.5 33.0 33.2 33.6 33.5 34.4 35.0 35.6 36.1 35.7 35.5 35.9 36.0 35.9 35.1 34.4 33.6 32.9 32.6 32.1 31.3 30.7 29.8 29.0 28.2 28.1 26.9 26.3 24.5 22.9 21.1 19.0 16.1 10.0 0.0
0.0 0.0 0.0 0.0 0.0 0.0 0.0 0.0 0.0 0.0 29.0 29.9 29.6 29.7 29.5 30.8 28.9 28.0 29.3 29.8 30.8 30.9 30.8 31.6 32.4 32.8 32.1 32.4 32.6 32.8 32.5 32.7 33.4 33.6 33.4 34.3 34.0 34.0 33.7 33.3 33.0 32.6 32.0 31.6 30.8 30.3 29.6 28.6 27.8 27.2 26.2 25.3 24.6 23.7 22.1 20.2 18.3 15.6 9.9 0.0
0.0 0.0 0.0 0.0 0.0 0.0 0.0 0.0 0.0 0.0 0.0 25.1 28.8 26.1 26.9 29.3 29.3 30.5 30.1 29.4 28.7 28.5 28.9 30.0 30.6 30.1 31.3 30.8 30.3 30.2 31.1 31.2 32.0 32.0 31.8 31.8 32.2 32.3 32.3 32.4 32.0 31.4 31.2 30.6 29.7 29.0 28.5 27.5 26.9 26.2 25.4 24.4 23.6 22.3 20.8 19.7 18.1 15.4 9.8 0.0
0.0 0.0 0.0 0.0 0.0 0.0 0.0 0.0 0.0 0.0 0.0 31.0 22.3 24.7 25.2 25.6 27.2 26.4 27.6 27.8 27.6 28.2 27.4 28.2 28.4 28.7 29.1 28.9 29.6 29.6 30.2 30.4 30.3 30.6 30.9 30.7 30.9 30.9 30.9 30.9 30.3 30.2 29.2 28.7 28.4 28.1 27.5 26.8 26.2 25.8 24.9 23.7 22.9 21.6 20.3 18.9 17.0 14.6 10.4 0.0
0.0 0.0 0.0 0.0 0.0 0.0 0.0 0.0 0.0 0.0 0.0 22.9 24.6 28.2 26.7 25.9 25.6 24.4 25.5 26.2 26.5 27.4 27.5 27.3 27.4 28.3 28.2 27.9 27.8 28.6 28.6 29.1 29.1 29.3 29.5 29.4 29.7 29.4 29.6 29.9 29.2 28.7 28.3 28.0 27.3 26.6 26.0 25.6 24.9 24.1 23.3 22.3 21.4 20.4 19.2 18.0 16.1 14.1 9.5 0.0
0.0 0.0 0.0 0.0 0.0 0.0 0.0 0.0 0.0 0.0 0.0 19.7 27.6 21.0 24.5 23.8 23.4 25.0 24.7 26.0 25.4 26.3 25.9 26.2 26.9 26.9 27.8 27.1 27.2 27.1 26.7 27.1 27.5 28.3 28.4 28.4 28.3 28.3 28.4 28.4 28.0 27.8 26.8 26.2 25.9 25.3 24.7 24.3 23.7 23.0 22.2 21.4 20.7 19.8 18.8 17.0 15.2 13.0 9.0 0.0
0.0 0.0 0.0 0.0 0.0 0.0 0.0 0.0 0.0 0.0 0.0 23.0 21.9 22.3 22.1 20.0 22.9 24.4 24.1 24.2 25.3 25.5 24.8 24.7 24.3 24.5 24.8 24.9 25.0 24.9 25.3 25.4 26.2 26.5 26.4 26.0 26.8 26.9 26.5 26.4 26.5 26.0 25.9 25.6 24.9 24.2 23.7 23.2 22.5 22.0 21.0 20.3 19.5 18.7 17.6 16.0 14.5 12.0 9.3 0.0
0.0 0.0 0.0 0.0 0.0 0.0 0.0 0.0 0.0 0.0 0.0 29.0 18.9 18.3 23.8 24.9 22.4 23.1 23.8 24.7 23.9 24.0 23.9 24.1 24.4 23.9 24.2 24.6 24.6 24.8 25.1 24.9 25.1 25.2 25.1 25.0 25.1 25.2 25.1 25.4 24.8 24.7 24.4 23.9 23.5 22.9 22.6 21.9 21.0 20.3 19.9 19.4 18.5 17.4 16.5 15.7 13.7 11.8 8.1 0.0
0.0 0.0 0.0 0.0 0.0 0.0 0.0 0.0 0.0 0.0 0.0 26.0 19.8 20.0 21.3 22.8 22.7 21.5 22.1 21.2 22.3 22.0 22.6 23.0 23.9 23.9 23.4 23.3 23.0 23.1 23.2 23.4 23.7 23.7 23.8 24.1 23.9 24.3 23.8 23.8 23.4 23.2 23.1 22.5 22.0 21.7 21.0 20.4 19.9 19.4 18.9 18.3 17.5 16.7 15.7 14.5 13.3 11.3 8.3 0.0
0.0 0.0 0.0 0.0 0.0 0.0 0.0 0.0 0.0 0.0 0.0 19.9 15.1 18.7 23.2 20.4 20.5 20.1 20.8 21.4 21.5 22.4 22.6 22.8 23.1 22.1 22.0 22.3 22.2 21.9 22.6 22.9 22.8 22.4 22.1 22.3 22.7 22.6 22.7 22.4 22.5 22.2 21.5 21.2 21.0 20.2 20.0 19.7 19.1 18.5 17.7 17.2 16.4 15.5 14.6 13.5 12.2 10.6 8.0 0.0
0.0 0.0 0.0 0.0 0.0 0.0 0.0 0.0 0.0 0.0 0.0 0.0 16.3 16.0 17.0 18.7 18.0 19.8 17.9 18.0 19.0 20.2 20.5 20.8 21.1 20.8 20.5 20.3 21.0 21.0 21.2 21.0 21.1 21.4 21.0 21.1 20.9 21.1 21.3 21.4 21.2 21.0 20.4 20.0 19.7 19.2 18.6 18.0 17.5 16.9 16.3 15.6 15.1 14.4 13.5 12.5 11.4 9.2 6.3 0.0
0.0 0.0 0.0 0.0 0.0 0.0 0.0 0.0 0.0 0.0 0.0 0.0 29.0 22.7 16.0 17.4 19.7 19.3 19.1 19.4 18.9 18.8 19.1 19.1 19.4 19.7 19.2 19.2 19.5 19.8 19.9 19.6 20.1 19.5 20.2 20.3 20.2 19.8 19.8 19.4 19.3 19.1 19.0 18.5 18.4 18.1 17.7 17.1 16.5 15.7 15.2 14.6 14.0 13.3 12.3 11.5 10.3 8.8 6.4 0.0
0.0 0.0 0.0 0.0 0.0 0.0 0.0 0.0 0.0 0.0 0.0 0.0 12.5 17.5 16.7 17.3 19.1 16.8 16.9 17.5 17.1 18.0 18.4 18.9 19.0 18.8 18.4 18.7 19.0 18.9 18.9 19.1 18.8 19.1 18.9 18.9 18.4 18.5 18.3 18.0 18.0 17.5 17.5 17.2 16.7 16.3 15.8 15.6 15.2 14.9 14.2 13.6 12.9 12.2 11.3 10.5 9.2 7.8 5.2 0.0
0.0 0.0 0.0 0.0 0.0 0.0 0.0 0.0 0.0 0.0 0.0 0.0 14.6 14.5 16.5 15.4 15.1 15.4 15.4 15.5 16.0 16.3 17.0 16.3 17.1 17.4 17.2 16.9 17.2 17.1 17.3 17.3 17.0 17.4 17.2 17.1 17.0 16.9 16.9 16.7 16.8 16.5 15.9 15.6 15.7 15.3 14.8 14.2 13.8 13.3 12.8 12.4 12.0 11.3 10.7 9.6 8.4 6.7 4.3 0.0
0.0 0.0 0.0 0.0 0.0 0.0 0.0 0.0 0.0 0.0 0.0 19.0 21.7 15.9 14.2 17.5 15.7 15.3 14.8 14.8 14.8 15.8 15.5 16.0 16.1 16.4 16.5 16.3 16.4 16.0 16.0 16.0 15.8 15.5 15.7 15.9 15.8 15.5 15.7 15.8 15.5 15.5 15.0 14.6 14.3 14.1 13.6 13.5 12.6 12.1 11.7 11.3 10.6 9.8 9.3 8.4 7.3 5.8 3.7 0.0
0.0 0.0 0.0 0.0 0.0 0.0 0.0 0.0 0.0 0.0 0.0 0.0 17.1 10.2 11.5 12.0 13.4 15.6 16.7 14.5 14.7 14.6 15.6 15.1 15.1 14.7 14.6 14.5 14.4 14.7 14.8 14.8 14.3 14.6 14.4 14.5 14.3 14.1 14.0 13.6 13.7 13.7 13.5 13.2 12.9 12.8 12.3 11.9 11.2 10.7 10.3 9.7 9.1 8.7 7.9 7.0 5.9 4.5 2.6 0.0
0.0 0.0 0.0 0.0 0.0 0.0 0.0 0.0 0.0 0.0 0.0 0.0 13.7 11.5 12.4 11.4 12.5 12.7 13.2 13.8 14.1 13.3 13.7 13.6 13.3 13.4 13.4 13.5 13.3 13.2 13.2 13.3 13.2 13.2 13.2 13.0 12.7 12.9 12.8 12.6 12.5 12.2 11.8 11.7 11.3 10.8 10.7 10.5 10.5 10.1 9.3 8.7 8.1 7.6 6.9 6.1 5.2 4.0 2.2 0.0
0.0 0.0 0.0 0.0 0.0 0.0 0.0 0.0 0.0 0.0 0.0 0.0 0.0 11.3 10.1 11.3 11.0 12.6 12.4 12.4 13.6 13.4 12.5 12.7 12.5 12.2 12.2 12.2 12.1 12.3 11.9 11.9 11.8 11.7 11.7 11.4 11.4 11.2 11.2 11.0 10.8 10.7 10.6 10.2 9.8 9.5 9.1 9.1 8.9 8.6 8.1 7.5 6.8 6.2 5.7 4.8 4.1 3.0 1.7 0.0
0.0 0.0 0.0 0.0 0.0 0.0 0.0 0.0 0.0 0.0 0.0 13.0 16.8 8.6 9.2 9.1 9.3 10.5 9.7 11.3 10.8 10.4 10.9 10.7 11.0 10.8 10.5 10.9 10.6 10.6 10.8 10.6 10.8 10.6 10.4 10.2 9.8 9.7 9.4 9.6 9.4 9.1 8.7 8.4 8.2 7.9 7.6 7.3 7.1 6.8 6.3 5.9 5.2 4.8 4.3 3.6 3.0 2.1 1.1 0.0
0.0 0.0 0.0 0.0 0.0 0.0 0.0 0.0 0.0 0.0 0.0 0.0 17.0 12.0 10.1 12.2 10.4 9.5 9.9 9.2 8.9 8.6 9.1 8.8 8.5 8.7 8.7 8.8 9.0 9.1 8.7 8.7 8.5 8.2 8.2 8.2 8.0 7.9 7.7 7.6 7.6 7.3 7.1 7.1 6.7 6.3 5.9 5.7 5.4 5.0 4.8 4.4 4.1 3.6 3.0 2.7 2.1 1.4 0.7 0.0
0.0 0.0 0.0 0.0 0.0 0.0 0.0 0.0 0.0 0.0 0.0 0.0 0.0 4.5 7.1 7.1 7.6 7.4 7.6 8.0 7.4 7.6 7.5 7.7 7.7 7.6 7.4 7.6 7.4 7.2 7.1 6.9 6.9 6.7 6.6 6.5 6.5 6.3 6.0 5.7 5.5 5.4 5.3 5.3 5.1 4.8 4.5 4.1 4.1 3.8 3.7 3.3 2.9 2.6 2.2 1.8 1.3 0.9 0.5 0.0
0.0 0.0 0.0 0.0 0.0 0.0 0.0 0.0 0.0 0.0 0.0 0.0 2.0 4.8 6.4 5.8 6.4 6.6 6.2 5.6 5.8 6.1 5.8 5.8 5.7 5.8 5.9 5.6 5.4 5.1 5.1 4.9 4.9 4.9 4.8 4.7 4.6 4.4 4.4 4.4 4.2 3.9 3.8 3.7 3.7 3.5 3.2 3.0 2.7 2.5 2.3 2.1 1.9 1.7 1.6 1.2 0.9 0.6 0.3 0.0
0.0 0.0 0.0 0.0 0.0 0.0 0.0 0.0 0.0 0.0 0.0 0.0 0.0 1.2 4.4 3.7 3.2 3.4 3.5 3.4 3.9 3.8 3.8 3.7 3.6 3.6 3.5 3.4 3.2 3.2 3.1 3.1 3.1 2.9 2.7 2.7 2.7 2.7 2.6 2.7 2.6 2.5 2.3 2.2 2.2 2.1 2.0 1.8 1.7 1.7 1.6 1.5 1.2 1.1 0.9 0.8 0.6 0.4 0.2 0.0
0.0 0.0 0.0 0.0 0.0 0.0 0.0 0.0 0.0 0.0 0.0 0.0 0.0 0.0 0.0 0.0 0.0 0.0 0.0 0.0 0.0 0.0 0.0 0.0 0.0 0.0 0.0 0.0 0.0 0.0 0.0 0.0 0.0 0.0 0.0 0.0 0.0 0.0 0.0 0.0 0.0 0.0 0.0 0.0 0.0 0.0 0.0 0.0 0.0 0.0 0.0 0.0 0.0 0.0 0.0 0.0 0.0 0.0 0.0 0.0
