175.7 177.6 175.1 173.7 175.9 179.9 177.6 178.8 178.8 181.1 177.2 169.0 169.0 169.0 169.0 0.0 0.0 0.0 0.0 0.0 0.0 0.0 0.0 0.0 0.0 0.0 0.0 0.0 0.0 0.0 0.0 0.0 0.0 0.0 0.0 0.0 0.0 0.0 0.0 0.0 0.0 0.0 0.0 0.0 0.0 0.0 0.0 0.0 0.0 0.0 0.0 0.0 0.0 0.0 0.0 0.0 0.0 0.0 0.0 0.0
179.4 176.5 177.0 172.6 171.9 180.4 182.5 183.2 174.0 0.0 0.0 0.0 0.0 0.0 0.0 0.0 0.0 0.0 0.0 0.0 0.0 0.0 0.0 0.0 0.0 0.0 0.0 0.0 0.0 0.0 0.0 0.0 0.0 0.0 0.0 0.0 0.0 0.0 0.0 0.0 0.0 0.0 0.0 0.0 0.0 0.0 0.0 0.0 0.0 0.0 0.0 0.0 0.0 0.0 0.0 0.0 0.0 0.0 0.0 0.0
189.6 181.4 182.1 185.0 185.5 182.0 182.0 0.0 0.0 0.0 0.0 0.0 0.0 0.0 0.0 0.0 0.0 0.0 0.0 0.0 0.0 0.0 0.0 0.0 0.0 0.0 0.0 0.0 0.0 0.0 0.0 0.0 0.0 0.0 0.0 0.0 0.0 0.0 0.0 0.0 0.0 0.0 0.0 0.0 0.0 0.0 0.0 0.0 0.0 0.0 0.0 0.0 0.0 0.0 0.0 0.0 0.0 0.0 0.0 0.0
179.5 184.1 173.2 170.9 171.1 175.0 181.8 179.7 179.7 179.7 180.0 0.0 0.0 0.0 0.0 0.0 0.0 0.0 0.0 0.0 0.0 0.0 0.0 0.0 0.0 0.0 0.0 0.0 0.0 0.0 0.0 0.0 0.0 0.0 0.0 0.0 0.0 0.0 0.0 0.0 0.0 0.0 0.0 0.0 0.0 0.0 0.0 0.0 0.0 0.0 0.0 0.0 0.0 0.0 0.0 0.0 0.0 0.0 0.0 0.0
176.8 174.9 178.0 178.3 174.4 174.3 177.6 0.0 0.0 0.0 0.0 0.0 0.0 0.0 0.0 0.0 0.0 0.0 0.0 0.0 0.0 0.0 0.0 0.0 0.0 0.0 0.0 0.0 0.0 0.0 0.0 0.0 0.0 0.0 0.0 0.0 0.0 0.0 0.0 0.0 0.0 0.0 0.0 0.0 0.0 0.0 0.0 0.0 0.0 0.0 0.0 0.0 0.0 0.0 0.0 0.0 0.0 0.0 0.0 0.0
180.8 179.4 177.2 181.1 172.7 171.6 177.7 172.3 0.0 0.0 0.0 0.0 0.0 0.0 0.0 0.0 0.0 0.0 0.0 0.0 0.0 0.0 0.0 0.0 0.0 0.0 0.0 0.0 0.0 0.0 0.0 0.0 0.0 0.0 0.0 0.0 0.0 0.0 0.0 0.0 0.0 0.0 0.0 0.0 0.0 0.0 0.0 0.0 0.0 0.0 0.0 0.0 0.0 0.0 0.0 0.0 0.0 0.0 0.0 0.0
173.0 179.0 187.2 179.7 178.4 177.8 163.4 168.3 166.1 153.0 0.0 0.0 0.0 0.0 0.0 0.0 0.0 0.0 0.0 0.0 0.0 0.0 0.0 0.0 0.0 0.0 0.0 0.0 0.0 0.0 0.0 0.0 0.0 0.0 0.0 0.0 0.0 0.0 0.0 0.0 0.0 0.0 0.0 0.0 0.0 0.0 0.0 0.0 0.0 0.0 0.0 0.0 0.0 0.0 0.0 0.0 0.0 0.0 0.0 0.0
168.1 176.1 180.7 185.9 186.3 171.6 166.0 0.0 193.0 174.0 0.0 0.0 0.0 0.0 0.0 0.0 0.0 0.0 0.0 0.0 0.0 0.0 0.0 0.0 0.0 0.0 0.0 0.0 0.0 0.0 0.0 0.0 0.0 0.0 0.0 0.0 0.0 0.0 0.0 0.0 0.0 0.0 0.0 0.0 0.0 0.0 0.0 0.0 0.0 0.0 0.0 0.0 0.0 0.0 0.0 0.0 0.0 0.0 0.0 0.0
173.4 177.1 172.4 174.0 175.8 178.2 165.0 155.9 155.9 160.0 0.0 0.0 0.0 0.0 0.0 0.0 0.0 0.0 0.0 0.0 0.0 0.0 0.0 0.0 0.0 0.0 0.0 0.0 0.0 0.0 0.0 0.0 0.0 0.0 0.0 0.0 0.0 0.0 0.0 0.0 0.0 0.0 0.0 0.0 0.0 0.0 0.0 0.0 0.0 0.0 0.0 0.0 0.0 0.0 0.0 0.0 0.0 0.0 0.0 0.0
173.1 171.2 176.1 173.6 177.1 169.5 176.1 170.7 169.2 178.8 0.0 0.0 0.0 0.0 0.0 160.0 160.0 0.0 0.0 0.0 0.0 0.0 0.0 0.0 0.0 0.0 0.0 0.0 0.0 0.0 0.0 0.0 0.0 0.0 0.0 0.0 0.0 0.0 0.0 0.0 0.0 0.0 0.0 0.0 0.0 0.0 0.0 0.0 0.0 0.0 0.0 0.0 0.0 0.0 0.0 0.0 0.0 0.0 0.0 0.0
178.4 178.3 172.3 170.7 167.9 162.1 171.7 175.8 174.9 174.0 0.0 0.0 0.0 0.0 0.0 0.0 0.0 0.0 0.0 0.0 0.0 0.0 0.0 0.0 0.0 0.0 0.0 0.0 0.0 0.0 0.0 0.0 0.0 0.0 0.0 0.0 0.0 0.0 0.0 0.0 0.0 0.0 0.0 0.0 0.0 0.0 0.0 0.0 0.0 0.0 0.0 0.0 0.0 0.0 0.0 0.0 0.0 0.0 0.0 0.0
176.1 166.8 175.1 182.8 183.3 169.7 157.3 159.6 166.2 166.0 0.0 0.0 0.0 0.0 0.0 0.0 0.0 0.0 0.0 0.0 0.0 0.0 0.0 0.0 0.0 0.0 0.0 0.0 0.0 0.0 0.0 0.0 0.0 0.0 0.0 0.0 0.0 0.0 0.0 0.0 0.0 0.0 0.0 0.0 0.0 0.0 0.0 0.0 0.0 0.0 0.0 0.0 0.0 0.0 0.0 0.0 0.0 0.0 0.0 0.0
165.7 164.2 166.4 164.8 165.2 161.8 163.0 176.4 176.4 173.7 172.5 164.0 0.0 0.0 0.0 0.0 0.0 0.0 0.0 0.0 0.0 0.0 0.0 0.0 0.0 0.0 0.0 0.0 0.0 0.0 0.0 0.0 0.0 0.0 0.0 0.0 0.0 0.0 0.0 0.0 0.0 0.0 0.0 0.0 0.0 0.0 0.0 0.0 0.0 0.0 0.0 0.0 0.0 0.0 0.0 0.0 0.0 0.0 0.0 0.0
165.6 158.9 172.9 171.8 169.4 168.6 168.0 169.4 172.5 170.1 142.0 167.0 0.0 0.0 0.0 0.0 0.0 0.0 0.0 0.0 0.0 0.0 0.0 0.0 0.0 0.0 0.0 0.0 0.0 0.0 0.0 0.0 0.0 0.0 0.0 0.0 0.0 0.0 0.0 0.0 0.0 0.0 0.0 0.0 0.0 0.0 0.0 0.0 0.0 0.0 0.0 0.0 0.0 0.0 0.0 0.0 0.0 0.0 0.0 0.0
169.2 164.8 162.6 167.5 162.7 164.5 160.6 164.3 159.0 156.8 156.8 154.0 154.0 154.0 154.0 154.0 0.0 0.0 0.0 0.0 0.0 0.0 0.0 0.0 0.0 0.0 0.0 0.0 0.0 0.0 0.0 0.0 0.0 0.0 0.0 0.0 0.0 0.0 0.0 0.0 0.0 0.0 0.0 0.0 0.0 0.0 0.0 0.0 0.0 0.0 0.0 0.0 0.0 0.0 0.0 0.0 0.0 0.0 0.0 0.0
171.4 163.4 164.7 160.2 164.6 167.1 169.4 169.7 173.1 172.4 168.2 170.8 184.2 187.0 0.0 0.0 0.0 0.0 0.0 0.0 0.0 0.0 0.0 0.0 0.0 0.0 0.0 0.0 0.0 0.0 0.0 0.0 0.0 0.0 0.0 0.0 0.0 0.0 0.0 0.0 0.0 0.0 0.0 0.0 0.0 0.0 0.0 0.0 0.0 0.0 0.0 0.0 0.0 0.0 0.0 0.0 0.0 0.0 0.0 0.0
166.6 161.5 163.6 163.5 170.8 169.8 166.6 159.3 157.8 152.4 163.1 162.2 166.5 167.0 0.0 0.0 0.0 0.0 0.0 0.0 0.0 0.0 0.0 0.0 0.0 0.0 0.0 0.0 0.0 0.0 0.0 0.0 0.0 0.0 0.0 0.0 0.0 0.0 0.0 0.0 0.0 0.0 0.0 0.0 0.0 0.0 0.0 0.0 0.0 0.0 0.0 0.0 0.0 0.0 0.0 0.0 0.0 0.0 0.0 0.0
164.3 158.8 155.5 155.9 164.7 167.1 168.0 165.5 167.8 160.0 161.9 165.3 167.7 170.0 0.0 0.0 0.0 0.0 0.0 0.0 0.0 0.0 0.0 0.0 0.0 0.0 0.0 0.0 0.0 0.0 0.0 0.0 0.0 0.0 0.0 0.0 0.0 0.0 0.0 0.0 0.0 0.0 0.0 0.0 0.0 0.0 0.0 0.0 0.0 0.0 0.0 0.0 0.0 0.0 0.0 0.0 0.0 0.0 0.0 0.0
161.4 160.2 160.5 159.5 159.2 169.8 171.0 165.1 166.2 173.5 170.3 164.0 0.0 0.0 0.0 0.0 0.0 0.0 0.0 0.0 0.0 0.0 0.0 0.0 0.0 0.0 0.0 0.0 0.0 0.0 0.0 0.0 0.0 0.0 0.0 0.0 0.0 0.0 0.0 0.0 0.0 0.0 0.0 0.0 0.0 0.0 0.0 0.0 0.0 0.0 0.0 0.0 0.0 0.0 0.0 0.0 0.0 0.0 0.0 0.0
158.9 162.9 165.4 163.2 168.3 168.9 173.0 157.7 158.2 162.5 161.2 160.8 134.0 134.0 0.0 0.0 0.0 0.0 0.0 0.0 0.0 0.0 0.0 0.0 0.0 0.0 0.0 0.0 0.0 0.0 0.0 0.0 0.0 0.0 0.0 0.0 0.0 0.0 0.0 0.0 0.0 0.0 0.0 0.0 0.0 0.0 0.0 0.0 0.0 0.0 0.0 0.0 0.0 0.0 0.0 0.0 0.0 0.0 0.0 0.0
175.0 161.9 161.5 160.6 162.8 163.8 162.8 166.6 165.1 166.9 154.1 148.2 144.0 131.0 144.5 144.5 177.0 177.0 177.0 177.0 0.0 0.0 0.0 0.0 0.0 0.0 0.0 0.0 0.0 0.0 0.0 0.0 0.0 0.0 0.0 0.0 0.0 0.0 0.0 0.0 0.0 0.0 0.0 0.0 0.0 0.0 0.0 0.0 0.0 0.0 0.0 0.0 0.0 0.0 0.0 0.0 0.0 0.0 0.0 0.0
155.0 161.1 155.9 156.9 161.9 159.0 157.3 162.8 164.5 162.3 158.9 161.5 153.6 166.0 166.0 166.0 0.0 152.0 0.0 0.0 0.0 0.0 0.0 0.0 0.0 0.0 0.0 0.0 0.0 0.0 0.0 0.0 0.0 0.0 0.0 0.0 0.0 0.0 0.0 0.0 0.0 0.0 0.0 0.0 0.0 0.0 0.0 0.0 0.0 0.0 0.0 0.0 0.0 0.0 0.0 0.0 0.0 0.0 0.0 0.0
159.1 150.9 159.4 158.2 155.0 157.2 154.3 162.4 162.6 159.7 159.8 155.2 147.7 142.0 0.0 0.0 0.0 0.0 0.0 0.0 0.0 0.0 0.0 0.0 0.0 0.0 0.0 0.0 0.0 0.0 0.0 0.0 0.0 0.0 0.0 0.0 0.0 0.0 0.0 0.0 0.0 0.0 0.0 0.0 0.0 0.0 0.0 0.0 0.0 0.0 0.0 0.0 0.0 0.0 0.0 0.0 0.0 0.0 0.0 0.0
180.0 162.6 169.9 158.2 158.6 156.4 161.0 159.0 159.4 159.8 162.3 157.8 160.0 147.3 160.0 160.0 0.0 0.0 0.0 0.0 0.0 0.0 0.0 0.0 0.0 0.0 0.0 0.0 0.0 0.0 0.0 0.0 0.0 0.0 0.0 0.0 0.0 0.0 0.0 0.0 0.0 0.0 0.0 0.0 0.0 0.0 0.0 0.0 0.0 0.0 0.0 0.0 0.0 0.0 0.0 0.0 0.0 0.0 0.0 0.0
142.0 159.6 154.0 160.0 158.2 165.3 159.6 169.0 155.8 158.7 166.4 167.5 162.6 160.7 160.7 0.0 0.0 0.0 0.0 0.0 0.0 0.0 0.0 0.0 0.0 0.0 0.0 0.0 0.0 0.0 0.0 0.0 0.0 0.0 0.0 0.0 0.0 0.0 0.0 0.0 0.0 0.0 0.0 0.0 0.0 0.0 0.0 0.0 0.0 0.0 0.0 0.0 0.0 0.0 0.0 0.0 0.0 0.0 0.0 0.0
0.0 166.0 160.8 147.6 152.3 154.0 149.2 146.8 146.2 146.2 150.9 154.5 156.4 152.2 155.5 155.0 155.0 155.0 155.0 0.0 0.0 0.0 0.0 0.0 0.0 0.0 0.0 0.0 0.0 0.0 0.0 0.0 0.0 0.0 0.0 0.0 0.0 0.0 0.0 0.0 0.0 0.0 0.0 0.0 0.0 0.0 0.0 0.0 0.0 0.0 0.0 0.0 0.0 0.0 0.0 0.0 0.0 0.0 0.0 0.0
152.0 159.1 149.1 157.9 154.4 149.0 159.1 156.2 165.7 161.7 171.2 167.0 166.8 162.7 165.0 165.0 165.0 165.0 165.0 165.0 0.0 0.0 0.0 0.0 0.0 0.0 0.0 0.0 0.0 0.0 0.0 0.0 0.0 0.0 0.0 0.0 0.0 0.0 0.0 0.0 0.0 0.0 0.0 0.0 0.0 0.0 0.0 0.0 0.0 0.0 0.0 0.0 0.0 0.0 0.0 0.0 0.0 0.0 0.0 0.0
0.0 150.8 144.1 150.7 153.3 155.2 157.5 150.5 152.2 157.2 159.4 156.0 157.2 157.9 161.3 161.3 0.0 0.0 0.0 0.0 0.0 0.0 0.0 0.0 0.0 0.0 0.0 0.0 0.0 0.0 0.0 0.0 0.0 0.0 0.0 0.0 0.0 0.0 0.0 0.0 0.0 0.0 0.0 0.0 0.0 0.0 0.0 0.0 0.0 0.0 0.0 0.0 0.0 0.0 0.0 0.0 0.0 0.0 0.0 0.0
0.0 164.7 158.0 159.5 152.7 156.6 156.7 156.5 152.8 157.7 157.9 161.8 160.4 161.5 164.8 171.0 171.0 0.0 0.0 0.0 168.0 168.0 168.0 0.0 0.0 0.0 0.0 0.0 0.0 0.0 0.0 0.0 0.0 0.0 0.0 0.0 0.0 0.0 0.0 0.0 0.0 0.0 0.0 0.0 0.0 0.0 0.0 0.0 0.0 0.0 0.0 0.0 0.0 0.0 0.0 0.0 0.0 0.0 0.0 0.0
0.0 158.4 155.3 155.7 153.5 150.7 160.1 156.7 164.2 151.6 163.8 160.4 161.0 159.6 0.0 168.0 146.5 155.0 0.0 0.0 0.0 0.0 0.0 163.0 163.0 0.0 0.0 0.0 0.0 0.0 0.0 0.0 0.0 0.0 0.0 0.0 0.0 0.0 0.0 0.0 0.0 0.0 0.0 0.0 0.0 0.0 0.0 0.0 0.0 0.0 0.0 0.0 0.0 0.0 0.0 0.0 0.0 0.0 0.0 0.0
0.0 158.6 142.6 149.6 146.3 145.0 154.7 155.9 152.1 152.0 161.4 147.0 159.6 155.7 147.6 143.0 0.0 0.0 0.0 0.0 0.0 0.0 0.0 0.0 0.0 0.0 0.0 0.0 0.0 0.0 0.0 0.0 0.0 0.0 0.0 0.0 0.0 0.0 0.0 0.0 0.0 0.0 0.0 0.0 0.0 0.0 0.0 0.0 0.0 0.0 0.0 0.0 0.0 0.0 0.0 0.0 0.0 0.0 0.0 0.0
0.0 155.0 152.7 148.5 147.2 148.6 147.8 147.8 148.5 148.5 154.6 162.7 159.9 153.5 143.6 143.6 137.0 137.0 135.9 0.0 0.0 0.0 0.0 0.0 0.0 0.0 0.0 0.0 0.0 0.0 0.0 0.0 0.0 0.0 0.0 0.0 0.0 0.0 0.0 0.0 0.0 0.0 0.0 0.0 0.0 0.0 0.0 0.0 0.0 0.0 0.0 0.0 0.0 0.0 0.0 0.0 0.0 0.0 0.0 0.0
0.0 152.0 156.9 148.9 146.1 142.1 150.9 144.1 141.4 141.6 138.4 142.2 143.1 142.3 142.3 141.9 127.1 127.1 123.0 0.0 0.0 0.0 0.0 0.0 0.0 0.0 0.0 0.0 0.0 0.0 0.0 0.0 0.0 0.0 0.0 0.0 0.0 0.0 0.0 0.0 0.0 0.0 0.0 0.0 0.0 0.0 0.0 0.0 0.0 0.0 0.0 0.0 0.0 0.0 0.0 0.0 0.0 0.0 0.0 0.0
0.0 143.8 153.0 145.3 149.6 150.0 147.6 142.8 146.6 150.9 152.3 157.4 150.1 154.2 151.0 156.0 156.0 156.0 156.0 124.0 0.0 0.0 0.0 0.0 0.0 0.0 0.0 0.0 0.0 0.0 0.0 0.0 0.0 0.0 0.0 0.0 0.0 0.0 0.0 0.0 0.0 0.0 0.0 0.0 0.0 0.0 0.0 0.0 0.0 0.0 0.0 0.0 0.0 0.0 0.0 0.0 0.0 0.0 0.0 0.0
0.0 155.6 163.0 147.8 144.7 140.9 142.1 147.3 147.9 143.3 142.6 149.3 151.8 151.3 153.0 156.0 0.0 0.0 0.0 0.0 0.0 0.0 0.0 0.0 0.0 0.0 0.0 0.0 0.0 0.0 0.0 0.0 0.0 0.0 0.0 0.0 0.0 0.0 0.0 0.0 0.0 0.0 0.0 0.0 0.0 0.0 0.0 0.0 0.0 0.0 0.0 0.0 0.0 0.0 0.0 0.0 0.0 0.0 0.0 0.0
0.0 163.4 143.4 151.0 146.6 143.5 141.8 143.4 142.4 141.8 147.7 147.2 144.5 146.3 151.7 161.0 0.0 0.0 0.0 0.0 0.0 0.0 0.0 0.0 0.0 0.0 0.0 0.0 0.0 0.0 0.0 0.0 0.0 0.0 0.0 0.0 0.0 0.0 0.0 0.0 0.0 0.0 0.0 0.0 0.0 0.0 0.0 0.0 0.0 0.0 0.0 0.0 0.0 0.0 0.0 0.0 0.0 0.0 0.0 0.0
0.0 156.0 144.9 146.5 147.1 144.8 144.3 144.6 148.1 145.1 143.0 141.1 140.7 144.1 135.0 133.9 148.4 148.4 142.0 117.3 118.0 118.0 118.0 0.0 0.0 0.0 0.0 0.0 0.0 0.0 0.0 0.0 0.0 0.0 0.0 0.0 0.0 0.0 0.0 0.0 0.0 0.0 0.0 0.0 0.0 0.0 0.0 0.0 0.0 0.0 0.0 0.0 0.0 0.0 0.0 0.0 0.0 0.0 0.0 0.0
0.0 0.0 151.9 139.8 143.7 139.2 142.5 151.2 152.4 154.4 142.7 142.2 146.1 143.4 149.3 156.9 149.7 158.7 0.0 147.0 147.0 0.0 0.0 0.0 0.0 0.0 0.0 0.0 0.0 0.0 0.0 0.0 0.0 0.0 0.0 0.0 0.0 0.0 0.0 0.0 0.0 0.0 0.0 0.0 0.0 0.0 0.0 0.0 0.0 0.0 0.0 0.0 0.0 0.0 0.0 0.0 0.0 0.0 0.0 0.0
0.0 139.0 144.7 143.7 141.0 142.1 138.7 141.5 138.0 134.8 135.0 147.5 144.3 147.7 152.6 155.4 148.0 140.0 0.0 0.0 0.0 0.0 0.0 0.0 0.0 0.0 0.0 0.0 0.0 0.0 0.0 0.0 0.0 0.0 0.0 0.0 0.0 0.0 0.0 0.0 0.0 0.0 0.0 0.0 0.0 0.0 0.0 0.0 0.0 0.0 0.0 0.0 0.0 0.0 0.0 0.0 0.0 0.0 0.0 0.0
0.0 0.0 132.5 142.6 148.5 139.0 136.1 147.7 144.5 144.1 137.0 139.7 146.3 141.8 144.6 144.2 142.9 142.9 150.0 141.5 141.5 0.0 0.0 0.0 0.0 150.0 0.0 0.0 0.0 0.0 0.0 0.0 0.0 0.0 0.0 0.0 0.0 0.0 0.0 0.0 0.0 0.0 0.0 0.0 0.0 0.0 0.0 0.0 0.0 0.0 0.0 0.0 0.0 0.0 0.0 0.0 0.0 0.0 0.0 0.0
0.0 0.0 161.0 146.2 144.1 139.9 143.2 143.0 141.9 141.3 134.6 132.1 139.8 137.3 141.2 140.5 143.3 156.0 0.0 132.0 132.0 132.0 132.0 0.0 0.0 0.0 0.0 0.0 0.0 0.0 0.0 0.0 0.0 0.0 0.0 0.0 0.0 0.0 0.0 0.0 0.0 0.0 0.0 0.0 0.0 0.0 0.0 0.0 0.0 0.0 0.0 0.0 0.0 0.0 0.0 0.0 0.0 0.0 0.0 0.0
0.0 0.0 139.0 131.7 139.2 155.6 137.1 144.1 141.6 147.1 141.6 133.7 134.0 136.3 139.3 136.9 137.2 136.5 146.2 141.0 0.0 0.0 0.0 124.0 0.0 0.0 0.0 0.0 0.0 0.0 0.0 0.0 0.0 0.0 0.0 0.0 0.0 0.0 0.0 0.0 0.0 0.0 0.0 0.0 0.0 0.0 0.0 0.0 0.0 0.0 0.0 0.0 0.0 0.0 0.0 0.0 0.0 0.0 0.0 0.0
0.0 0.0 139.8 144.2 147.0 147.8 143.8 137.3 138.2 137.5 132.5 134.2 137.9 133.5 144.7 140.9 140.7 137.0 137.0 138.5 0.0 0.0 0.0 0.0 0.0 0.0 0.0 0.0 0.0 0.0 0.0 0.0 0.0 0.0 0.0 0.0 0.0 0.0 0.0 0.0 0.0 0.0 0.0 0.0 0.0 0.0 0.0 0.0 0.0 0.0 0.0 0.0 0.0 0.0 0.0 0.0 0.0 0.0 0.0 0.0
0.0 0.0 136.4 133.6 132.0 128.3 135.2 136.7 130.3 132.3 127.4 136.2 135.5 136.2 141.9 141.4 138.1 143.7 143.7 141.0 144.5 153.0 153.0 153.0 0.0 0.0 0.0 0.0 0.0 0.0 0.0 0.0 0.0 0.0 0.0 0.0 0.0 0.0 0.0 0.0 0.0 0.0 0.0 0.0 0.0 0.0 0.0 0.0 0.0 0.0 0.0 0.0 0.0 0.0 0.0 0.0 0.0 0.0 0.0 0.0
0.0 0.0 141.0 132.4 133.6 140.6 150.7 140.7 138.0 137.4 136.8 130.9 138.4 151.2 140.2 139.8 140.1 0.0 145.0 0.0 0.0 0.0 0.0 0.0 0.0 0.0 0.0 0.0 0.0 0.0 0.0 0.0 0.0 0.0 0.0 0.0 0.0 0.0 0.0 0.0 0.0 0.0 0.0 0.0 0.0 0.0 0.0 0.0 0.0 0.0 0.0 0.0 0.0 0.0 0.0 0.0 0.0 0.0 0.0 0.0
0.0 0.0 151.6 142.3 138.0 130.0 141.6 135.5 136.1 132.8 132.9 135.7 128.4 135.4 138.1 144.3 146.9 145.8 147.5 143.7 123.1 123.4 0.0 0.0 0.0 0.0 0.0 0.0 0.0 0.0 0.0 0.0 0.0 0.0 0.0 0.0 0.0 0.0 0.0 0.0 0.0 0.0 0.0 0.0 0.0 0.0 0.0 0.0 0.0 0.0 0.0 0.0 0.0 0.0 0.0 0.0 0.0 0.0 0.0 0.0
0.0 0.0 161.0 156.8 128.6 133.6 130.7 132.1 136.7 140.2 134.3 144.3 142.4 136.4 132.2 138.0 129.5 125.5 129.7 131.8 0.0 141.0 0.0 0.0 0.0 0.0 0.0 0.0 0.0 0.0 0.0 0.0 0.0 0.0 0.0 0.0 0.0 0.0 0.0 0.0 0.0 0.0 0.0 0.0 0.0 0.0 0.0 0.0 0.0 0.0 0.0 0.0 0.0 0.0 0.0 0.0 0.0 0.0 0.0 0.0
0.0 0.0 0.0 144.1 140.3 139.6 132.8 138.1 137.7 137.9 136.0 134.7 133.0 129.3 131.1 129.5 126.4 121.7 127.7 128.1 128.1 127.0 135.1 135.1 0.0 0.0 0.0 0.0 0.0 0.0 0.0 0.0 0.0 0.0 0.0 0.0 0.0 0.0 0.0 0.0 0.0 0.0 0.0 0.0 0.0 0.0 0.0 0.0 0.0 0.0 0.0 0.0 0.0 0.0 0.0 0.0 0.0 0.0 0.0 0.0
0.0 0.0 128.0 136.5 133.7 129.6 134.5 132.8 132.4 136.8 130.3 132.4 127.3 132.5 129.3 140.7 139.7 134.7 130.2 0.0 0.0 0.0 0.0 0.0 0.0 0.0 0.0 0.0 0.0 0.0 0.0 0.0 0.0 0.0 0.0 0.0 0.0 0.0 0.0 0.0 0.0 0.0 0.0 0.0 0.0 0.0 0.0 0.0 0.0 0.0 0.0 0.0 0.0 0.0 0.0 0.0 0.0 0.0 0.0 0.0
0.0 0.0 0.0 131.0 143.2 143.4 132.2 133.7 132.5 133.6 133.6 129.4 137.5 136.3 138.3 134.2 134.4 135.6 141.9 126.8 150.0 0.0 0.0 0.0 114.0 114.0 0.0 0.0 0.0 0.0 0.0 0.0 0.0 0.0 0.0 0.0 0.0 0.0 0.0 0.0 0.0 0.0 0.0 0.0 0.0 0.0 0.0 0.0 0.0 0.0 0.0 0.0 0.0 0.0 0.0 0.0 0.0 0.0 0.0 0.0
0.0 0.0 0.0 121.0 131.1 131.7 128.7 125.7 127.7 136.8 126.4 132.4 132.4 130.1 133.9 130.5 129.4 128.6 127.4 131.2 133.2 138.8 136.0 0.0 0.0 0.0 138.0 138.0 0.0 0.0 0.0 0.0 0.0 0.0 0.0 0.0 0.0 0.0 0.0 0.0 0.0 0.0 0.0 0.0 0.0 0.0 0.0 0.0 0.0 0.0 0.0 0.0 0.0 0.0 0.0 0.0 0.0 0.0 0.0 0.0
0.0 0.0 0.0 132.0 136.4 133.2 124.8 127.0 129.7 132.9 132.9 126.1 122.7 125.9 124.0 123.0 124.8 127.7 123.5 126.9 126.9 134.5 139.1 134.0 134.0 134.0 134.0 0.0 0.0 0.0 0.0 0.0 0.0 0.0 0.0 0.0 0.0 0.0 0.0 0.0 0.0 0.0 0.0 0.0 0.0 0.0 0.0 0.0 0.0 0.0 0.0 0.0 0.0 0.0 0.0 0.0 0.0 0.0 0.0 0.0
0.0 0.0 0.0 130.0 137.3 135.1 126.8 126.4 125.7 135.1 139.7 137.2 136.9 130.7 135.9 134.4 133.1 134.0 135.7 137.1 125.9 125.9 119.0 119.0 119.0 119.0 0.0 0.0 0.0 0.0 0.0 0.0 0.0 0.0 0.0 0.0 0.0 0.0 0.0 0.0 0.0 0.0 0.0 0.0 0.0 0.0 0.0 0.0 0.0 0.0 0.0 0.0 0.0 0.0 0.0 0.0 0.0 0.0 0.0 0.0
0.0 0.0 141.0 141.0 136.3 131.4 124.8 130.3 132.7 125.4 125.1 120.1 131.9 125.3 128.1 129.8 127.8 121.9 143.7 140.2 0.0 0.0 0.0 0.0 0.0 0.0 0.0 0.0 0.0 0.0 0.0 0.0 0.0 0.0 0.0 0.0 0.0 0.0 0.0 0.0 0.0 0.0 0.0 0.0 0.0 0.0 0.0 0.0 0.0 0.0 0.0 0.0 0.0 0.0 0.0 0.0 0.0 0.0 0.0 0.0
0.0 0.0 129.0 115.0 120.8 135.2 131.0 121.8 122.7 127.0 137.5 135.1 128.6 123.9 118.3 113.2 120.6 120.3 119.8 121.3 126.9 115.0 108.0 137.0 129.7 0.0 0.0 0.0 0.0 0.0 0.0 0.0 0.0 0.0 0.0 0.0 0.0 0.0 0.0 0.0 0.0 0.0 0.0 0.0 0.0 0.0 0.0 0.0 0.0 0.0 0.0 0.0 0.0 0.0 0.0 0.0 0.0 0.0 0.0 0.0
0.0 0.0 0.0 0.0 119.3 133.2 127.4 123.3 124.5 125.2 122.1 122.0 125.8 124.8 122.4 121.7 121.3 124.3 122.5 131.4 130.3 136.7 135.1 102.0 0.0 0.0 0.0 0.0 0.0 0.0 0.0 0.0 0.0 0.0 0.0 0.0 0.0 0.0 0.0 0.0 0.0 0.0 0.0 0.0 0.0 0.0 0.0 0.0 0.0 0.0 0.0 0.0 0.0 0.0 0.0 0.0 0.0 0.0 0.0 0.0
0.0 0.0 0.0 112.0 125.1 127.9 130.2 123.7 124.2 122.6 127.1 123.0 130.4 127.9 131.8 126.3 127.6 128.8 128.9 132.5 127.5 122.7 132.1 132.1 132.1 132.1 135.0 135.0 135.0 0.0 0.0 0.0 0.0 0.0 0.0 0.0 0.0 0.0 0.0 0.0 0.0 0.0 0.0 0.0 0.0 0.0 0.0 0.0 0.0 0.0 0.0 0.0 0.0 0.0 0.0 0.0 0.0 0.0 0.0 0.0
0.0 0.0 0.0 126.0 119.0 123.3 132.3 116.1 120.7 121.5 126.6 120.2 118.5 124.8 121.3 122.5 120.9 135.7 126.0 137.5 130.8 133.6 131.0 131.0 142.0 142.0 0.0 126.0 0.0 0.0 0.0 0.0 0.0 0.0 0.0 0.0 0.0 0.0 0.0 0.0 0.0 0.0 0.0 0.0 0.0 0.0 0.0 0.0 0.0 0.0 0.0 0.0 0.0 0.0 0.0 0.0 0.0 0.0 0.0 0.0
0.0 0.0 0.0 114.0 148.0 135.3 122.2 130.7 121.8 116.9 125.8 121.7 118.5 117.1 123.7 128.0 131.4 122.2 121.6 129.9 123.9 127.5 126.3 128.0 129.0 129.0 0.0 0.0 0.0 0.0 0.0 0.0 0.0 0.0 0.0 0.0 0.0 0.0 0.0 0.0 0.0 0.0 0.0 0.0 0.0 0.0 0.0 0.0 0.0 0.0 0.0 0.0 0.0 0.0 0.0 0.0 0.0 0.0 0.0 0.0
0.0 0.0 0.0 137.0 103.0 110.9 117.9 112.1 117.6 117.6 122.5 122.9 125.2 119.3 118.5 116.5 114.5 125.0 123.0 121.8 122.5 125.5 115.9 114.7 112.0 0.0 0.0 0.0 123.0 123.0 123.0 123.0 0.0 0.0 0.0 0.0 0.0 0.0 0.0 0.0 0.0 0.0 0.0 0.0 0.0 0.0 0.0 0.0 0.0 0.0 0.0 0.0 0.0 0.0 0.0 0.0 0.0 0.0 0.0 0.0
0.0 0.0 0.0 115.0 115.0 116.2 121.4 128.9 118.0 118.7 125.5 121.3 118.3 122.8 121.3 120.3 123.7 121.2 118.8 119.7 116.2 117.9 106.0 0.0 0.0 0.0 0.0 0.0 0.0 0.0 0.0 0.0 122.0 0.0 0.0 0.0 0.0 0.0 0.0 0.0 0.0 0.0 0.0 0.0 0.0 0.0 0.0 0.0 0.0 0.0 0.0 0.0 0.0 0.0 0.0 0.0 0.0 0.0 0.0 0.0
0.0 0.0 0.0 0.0 0.0 114.3 128.5 122.5 123.1 122.7 121.5 128.2 117.5 120.1 117.8 124.8 122.2 112.6 110.5 109.7 117.6 105.5 111.3 109.0 109.0 106.0 110.0 0.0 0.0 0.0 0.0 0.0 0.0 0.0 0.0 0.0 0.0 0.0 0.0 0.0 0.0 0.0 0.0 0.0 0.0 0.0 0.0 0.0 0.0 0.0 0.0 0.0 0.0 0.0 0.0 0.0 0.0 0.0 0.0 0.0
0.0 0.0 0.0 0.0 139.8 120.7 124.7 116.1 124.5 118.2 123.4 121.1 125.1 121.5 119.7 118.1 117.5 125.9 114.7 112.7 116.0 116.0 0.0 0.0 0.0 0.0 107.6 102.0 102.0 102.0 0.0 0.0 0.0 0.0 0.0 0.0 0.0 0.0 0.0 0.0 0.0 0.0 0.0 0.0 0.0 0.0 0.0 0.0 0.0 0.0 0.0 0.0 0.0 0.0 0.0 0.0 0.0 0.0 0.0 0.0
0.0 0.0 0.0 0.0 0.0 114.0 122.8 125.7 121.1 119.8 113.4 117.1 116.1 122.7 120.4 120.1 121.8 114.4 114.5 109.8 117.5 113.9 114.6 111.5 116.7 119.7 0.0 0.0 0.0 0.0 0.0 0.0 0.0 0.0 0.0 0.0 0.0 0.0 0.0 0.0 0.0 0.0 0.0 0.0 0.0 0.0 0.0 0.0 0.0 0.0 0.0 0.0 0.0 0.0 0.0 0.0 0.0 0.0 0.0 0.0
0.0 0.0 0.0 0.0 133.2 144.0 118.1 114.0 115.1 115.8 114.7 113.5 118.9 118.3 116.6 113.2 115.4 124.3 117.2 110.8 110.2 109.0 104.7 104.0 104.0 123.1 0.0 0.0 0.0 0.0 0.0 0.0 0.0 0.0 0.0 0.0 0.0 0.0 0.0 0.0 0.0 0.0 0.0 0.0 0.0 0.0 0.0 0.0 0.0 0.0 0.0 0.0 0.0 0.0 0.0 0.0 0.0 0.0 0.0 0.0
0.0 0.0 0.0 0.0 0.0 119.7 125.3 126.8 114.5 115.2 114.3 112.5 119.3 115.6 115.5 116.4 117.4 117.8 111.9 121.8 118.2 118.0 123.1 118.6 118.6 118.6 108.0 0.0 0.0 0.0 0.0 0.0 0.0 0.0 0.0 0.0 0.0 0.0 0.0 0.0 0.0 0.0 0.0 0.0 0.0 0.0 0.0 0.0 0.0 0.0 0.0 0.0 0.0 0.0 0.0 0.0 0.0 0.0 0.0 0.0
0.0 0.0 0.0 0.0 0.0 135.0 116.0 118.8 110.3 115.0 113.1 115.2 113.8 119.2 110.2 113.9 120.0 116.3 121.5 121.8 127.3 121.0 114.2 122.6 113.2 0.0 0.0 0.0 0.0 0.0 0.0 0.0 0.0 0.0 0.0 0.0 0.0 0.0 0.0 0.0 0.0 0.0 0.0 0.0 0.0 0.0 0.0 0.0 0.0 0.0 0.0 0.0 0.0 0.0 0.0 0.0 0.0 0.0 0.0 0.0
0.0 0.0 0.0 0.0 101.0 104.8 119.8 122.7 110.4 118.3 118.1 117.8 123.4 125.2 118.7 110.6 106.0 111.3 106.6 102.4 107.0 117.2 119.1 114.2 116.6 116.4 119.0 0.0 124.0 0.0 0.0 0.0 0.0 0.0 0.0 0.0 0.0 0.0 0.0 0.0 0.0 0.0 0.0 0.0 0.0 0.0 0.0 0.0 0.0 0.0 0.0 0.0 0.0 0.0 0.0 0.0 0.0 0.0 0.0 0.0
0.0 0.0 0.0 0.0 0.0 110.0 109.2 106.7 109.4 117.8 116.1 118.0 110.7 107.7 108.8 110.2 110.2 111.9 112.1 115.9 111.8 117.0 117.6 120.1 123.4 126.7 138.0 130.4 112.0 112.0 112.0 0.0 0.0 0.0 0.0 0.0 0.0 0.0 0.0 0.0 0.0 0.0 0.0 0.0 0.0 0.0 0.0 0.0 0.0 0.0 0.0 0.0 0.0 0.0 0.0 0.0 0.0 0.0 0.0 0.0
0.0 0.0 0.0 0.0 128.0 0.0 118.8 110.7 108.9 106.3 113.5 113.8 118.2 109.7 113.5 110.9 110.7 109.0 118.5 113.0 118.2 110.1 108.8 119.0 0.0 0.0 109.1 0.0 0.0 121.0 121.0 121.0 121.0 121.0 0.0 0.0 0.0 0.0 0.0 0.0 0.0 0.0 0.0 0.0 0.0 0.0 0.0 0.0 0.0 0.0 0.0 0.0 0.0 0.0 0.0 0.0 0.0 0.0 0.0 0.0
0.0 0.0 0.0 0.0 105.0 125.2 118.2 115.9 117.4 114.2 110.4 110.6 114.1 112.9 113.6 112.4 106.1 106.0 108.9 117.7 102.9 104.6 110.1 117.1 118.2 118.0 118.0 113.6 118.0 118.0 118.0 118.0 0.0 0.0 0.0 0.0 0.0 0.0 0.0 0.0 0.0 0.0 0.0 0.0 0.0 0.0 0.0 0.0 0.0 0.0 0.0 0.0 0.0 0.0 0.0 0.0 0.0 0.0 0.0 0.0
0.0 0.0 0.0 0.0 0.0 126.0 108.5 129.7 108.2 112.1 106.0 106.3 107.8 110.5 108.2 105.1 107.4 103.1 111.2 107.0 105.8 105.7 106.2 114.3 116.6 115.7 112.7 110.6 113.0 0.0 0.0 0.0 0.0 0.0 0.0 0.0 0.0 0.0 0.0 0.0 0.0 0.0 0.0 0.0 0.0 0.0 0.0 0.0 0.0 0.0 0.0 0.0 0.0 0.0 0.0 0.0 0.0 0.0 0.0 0.0
0.0 0.0 0.0 0.0 0.0 0.0 109.3 121.9 122.0 107.9 115.4 111.5 107.6 109.8 114.3 110.1 107.5 101.9 105.2 101.4 98.6 104.0 104.7 96.5 103.3 0.0 0.0 0.0 0.0 0.0 0.0 0.0 0.0 0.0 0.0 0.0 0.0 0.0 0.0 0.0 0.0 0.0 0.0 0.0 0.0 0.0 0.0 0.0 0.0 0.0 0.0 0.0 0.0 0.0 0.0 0.0 0.0 0.0 0.0 0.0
0.0 0.0 0.0 0.0 0.0 0.0 104.0 116.2 108.6 108.0 112.5 109.5 111.8 111.1 113.2 113.2 106.6 103.1 104.2 106.8 110.3 101.7 101.8 112.3 97.2 104.1 106.0 106.0 105.0 0.0 0.0 0.0 113.0 0.0 0.0 0.0 0.0 0.0 0.0 0.0 0.0 0.0 0.0 0.0 0.0 0.0 0.0 0.0 0.0 0.0 0.0 0.0 0.0 0.0 0.0 0.0 0.0 0.0 0.0 0.0
0.0 0.0 0.0 0.0 0.0 101.0 103.6 117.7 111.5 110.3 109.6 114.3 107.0 108.6 106.2 107.5 106.5 104.7 109.8 106.6 109.8 103.8 104.6 103.6 101.2 95.3 113.2 114.7 117.0 0.0 92.0 0.0 0.0 0.0 0.0 0.0 0.0 0.0 0.0 0.0 0.0 0.0 0.0 0.0 0.0 0.0 0.0 0.0 0.0 0.0 0.0 0.0 0.0 0.0 0.0 0.0 0.0 0.0 0.0 0.0
0.0 0.0 0.0 0.0 0.0 0.0 115.9 123.1 123.1 117.0 103.3 104.1 108.7 104.7 100.4 102.1 103.5 116.5 109.3 105.9 104.7 101.6 108.6 111.6 103.4 101.3 98.8 99.5 96.0 0.0 0.0 0.0 0.0 0.0 0.0 0.0 0.0 0.0 0.0 0.0 0.0 0.0 0.0 0.0 0.0 0.0 0.0 0.0 0.0 0.0 0.0 0.0 0.0 0.0 0.0 0.0 0.0 0.0 0.0 0.0
0.0 0.0 0.0 0.0 0.0 125.0 131.4 116.7 116.4 107.1 116.6 110.8 100.5 103.7 104.7 103.3 104.7 104.1 104.5 107.1 104.4 112.9 113.6 99.0 99.1 108.3 107.5 115.9 123.0 0.0 0.0 0.0 0.0 105.2 104.0 104.0 104.0 0.0 0.0 0.0 0.0 0.0 0.0 0.0 0.0 0.0 0.0 0.0 0.0 0.0 0.0 0.0 0.0 0.0 0.0 0.0 0.0 0.0 0.0 0.0
0.0 0.0 0.0 0.0 110.0 0.0 100.0 111.4 107.9 102.9 106.1 99.6 104.7 100.2 101.8 105.1 99.7 101.0 108.6 104.1 94.7 92.5 98.9 102.0 95.8 98.7 92.9 92.0 92.0 117.0 0.0 0.0 0.0 0.0 0.0 0.0 0.0 0.0 0.0 0.0 0.0 0.0 0.0 0.0 0.0 0.0 0.0 0.0 0.0 0.0 0.0 0.0 0.0 0.0 0.0 0.0 0.0 0.0 0.0 0.0
0.0 0.0 0.0 0.0 0.0 0.0 0.0 94.7 115.2 110.2 104.7 113.6 101.9 101.7 101.5 97.8 99.0 100.6 103.8 110.1 99.3 104.9 108.1 113.7 104.1 110.3 102.8 102.2 101.7 0.0 0.0 0.0 0.0 0.0 0.0 0.0 0.0 0.0 0.0 0.0 0.0 0.0 0.0 0.0 0.0 0.0 0.0 0.0 0.0 0.0 0.0 0.0 0.0 0.0 0.0 0.0 0.0 0.0 0.0 0.0
0.0 0.0 0.0 0.0 0.0 116.0 116.0 102.8 102.1 90.7 96.3 101.5 100.1 107.5 111.8 101.0 99.5 103.8 97.1 94.0 96.8 94.1 88.2 99.0 103.2 93.6 96.9 91.7 101.3 99.0 0.0 98.0 98.0 0.0 109.0 0.0 0.0 0.0 0.0 0.0 0.0 0.0 0.0 0.0 0.0 0.0 0.0 0.0 0.0 0.0 0.0 0.0 0.0 0.0 0.0 0.0 0.0 0.0 0.0 0.0
0.0 0.0 0.0 0.0 0.0 0.0 0.0 96.0 98.7 101.2 100.0 100.9 103.5 99.5 102.8 106.3 111.6 101.4 96.5 101.5 99.5 100.6 95.2 97.9 95.9 90.5 90.1 95.0 104.3 0.0 0.0 0.0 0.0 0.0 0.0 0.0 0.0 0.0 0.0 0.0 0.0 0.0 0.0 0.0 0.0 0.0 0.0 0.0 0.0 0.0 0.0 0.0 0.0 0.0 0.0 0.0 0.0 0.0 0.0 0.0
0.0 0.0 0.0 0.0 0.0 100.0 97.0 98.0 99.1 101.3 105.5 101.9 102.7 96.4 102.4 105.4 103.6 107.3 99.7 99.1 100.7 97.9 99.7 93.2 94.7 85.0 90.3 87.6 89.3 0.0 0.0 0.0 0.0 0.0 0.0 0.0 0.0 0.0 0.0 0.0 0.0 0.0 0.0 0.0 0.0 0.0 0.0 0.0 0.0 0.0 0.0 0.0 0.0 0.0 0.0 0.0 0.0 0.0 0.0 0.0
0.0 0.0 0.0 0.0 0.0 0.0 0.0 0.0 100.1 102.0 94.8 95.6 98.9 99.9 106.4 101.1 102.6 101.1 98.6 104.6 105.6 101.2 102.9 100.8 96.6 93.7 92.4 101.4 109.4 106.0 107.0 107.0 107.0 0.0 102.0 100.6 100.0 0.0 0.0 0.0 0.0 0.0 0.0 0.0 0.0 0.0 0.0 0.0 0.0 0.0 0.0 0.0 0.0 0.0 0.0 0.0 0.0 0.0 0.0 0.0
0.0 0.0 0.0 0.0 0.0 0.0 0.0 0.0 96.8 97.7 96.0 95.2 92.5 92.5 100.1 100.9 102.7 104.1 100.8 98.6 109.8 107.5 98.5 94.9 96.0 91.0 81.0 96.0 90.0 90.0 0.0 0.0 0.0 0.0 0.0 0.0 0.0 0.0 0.0 0.0 0.0 0.0 0.0 0.0 0.0 0.0 0.0 0.0 0.0 0.0 0.0 0.0 0.0 0.0 0.0 0.0 0.0 0.0 0.0 0.0
0.0 0.0 0.0 0.0 0.0 0.0 0.0 98.0 114.7 98.8 99.8 98.9 102.8 103.3 92.5 94.2 94.0 100.4 95.5 92.2 101.4 101.1 101.3 97.2 96.9 91.3 89.0 87.7 92.1 85.2 85.2 0.0 0.0 0.0 0.0 0.0 0.0 0.0 0.0 0.0 0.0 0.0 0.0 0.0 0.0 0.0 0.0 0.0 0.0 0.0 0.0 0.0 0.0 0.0 0.0 0.0 0.0 0.0 0.0 0.0
0.0 0.0 0.0 0.0 0.0 0.0 0.0 94.2 96.0 96.5 91.3 94.7 97.0 92.4 88.1 89.5 94.4 97.1 94.6 95.0 89.1 90.7 93.1 90.7 104.0 102.9 91.4 99.5 98.0 97.3 97.0 97.0 97.0 0.0 0.0 0.0 0.0 97.0 97.0 97.0 0.0 0.0 0.0 0.0 0.0 0.0 0.0 0.0 0.0 0.0 0.0 0.0 0.0 0.0 0.0 0.0 0.0 0.0 0.0 0.0
0.0 0.0 0.0 0.0 0.0 0.0 91.0 0.0 86.8 97.1 100.3 98.9 85.7 88.9 98.4 94.6 92.0 89.5 92.4 95.7 95.7 98.6 95.0 94.8 97.2 87.1 103.5 104.4 103.0 90.2 90.2 90.2 85.0 91.0 91.0 0.0 0.0 0.0 0.0 0.0 0.0 0.0 0.0 0.0 0.0 0.0 0.0 0.0 0.0 0.0 0.0 0.0 0.0 0.0 0.0 0.0 0.0 0.0 0.0 0.0
0.0 0.0 0.0 0.0 0.0 0.0 0.0 0.0 0.0 97.1 88.0 103.9 96.5 100.0 93.3 93.8 91.9 97.7 95.5 89.0 87.1 88.3 90.6 96.3 89.6 93.6 93.6 90.0 84.6 114.9 117.0 0.0 0.0 0.0 0.0 0.0 0.0 0.0 0.0 0.0 0.0 0.0 0.0 0.0 0.0 0.0 0.0 0.0 0.0 0.0 0.0 0.0 0.0 0.0 0.0 0.0 0.0 0.0 0.0 0.0
0.0 0.0 0.0 0.0 0.0 0.0 0.0 0.0 105.0 94.4 88.0 103.8 96.8 98.6 94.6 98.2 91.8 88.1 93.7 93.8 91.8 93.2 93.6 89.3 93.8 98.4 93.9 92.2 92.2 93.3 98.0 99.0 94.0 94.0 0.0 0.0 0.0 0.0 0.0 0.0 0.0 0.0 0.0 0.0 0.0 0.0 0.0 0.0 0.0 0.0 0.0 0.0 0.0 0.0 0.0 0.0 0.0 0.0 0.0 0.0
0.0 0.0 0.0 0.0 0.0 0.0 0.0 0.0 109.0 105.5 106.0 89.6 85.6 90.1 89.2 93.7 92.7 90.6 91.8 87.7 85.1 91.9 97.9 97.9 91.0 96.8 89.9 89.0 80.7 83.6 82.7 86.3 99.0 99.0 0.0 0.0 0.0 0.0 0.0 0.0 0.0 0.0 0.0 0.0 0.0 0.0 0.0 0.0 0.0 0.0 0.0 0.0 0.0 0.0 0.0 0.0 0.0 0.0 0.0 0.0
0.0 0.0 0.0 0.0 0.0 0.0 0.0 0.0 91.6 93.1 88.8 84.7 99.1 99.2 99.5 97.5 94.1 94.1 88.3 90.2 97.6 92.6 92.9 95.0 96.4 87.2 87.6 86.3 87.2 85.0 85.8 94.0 94.0 94.0 94.0 0.0 0.0 0.0 0.0 0.0 0.0 0.0 0.0 0.0 0.0 0.0 0.0 0.0 0.0 0.0 0.0 0.0 0.0 0.0 0.0 0.0 0.0 0.0 0.0 0.0
0.0 0.0 0.0 0.0 0.0 0.0 0.0 81.0 0.0 102.6 79.1 93.0 90.7 94.0 94.8 95.8 96.6 91.3 88.6 88.3 85.3 79.9 83.8 88.6 88.6 90.4 89.5 77.8 92.8 96.4 92.7 100.0 96.0 0.0 92.0 92.0 92.0 92.0 0.0 0.0 0.0 0.0 0.0 0.0 0.0 0.0 0.0 0.0 0.0 0.0 0.0 0.0 0.0 0.0 0.0 0.0 0.0 0.0 0.0 0.0
0.0 0.0 0.0 0.0 0.0 0.0 0.0 0.0 0.0 84.5 94.9 79.4 82.1 87.2 89.8 79.1 77.4 80.2 82.6 84.5 84.6 85.9 88.0 95.4 98.0 99.5 93.7 90.8 80.4 82.0 0.0 71.0 86.6 86.6 93.0 0.0 0.0 0.0 0.0 0.0 0.0 0.0 0.0 0.0 0.0 0.0 0.0 0.0 0.0 0.0 0.0 0.0 0.0 0.0 0.0 0.0 0.0 0.0 0.0 0.0
0.0 0.0 0.0 0.0 0.0 0.0 0.0 0.0 0.0 89.4 92.4 93.9 94.0 85.5 85.5 81.6 84.6 90.5 83.5 84.8 84.6 83.8 98.3 96.4 93.6 88.2 85.8 87.2 90.2 89.4 85.4 93.7 91.0 91.0 0.0 0.0 0.0 0.0 0.0 0.0 0.0 0.0 0.0 0.0 0.0 0.0 0.0 0.0 0.0 0.0 0.0 0.0 0.0 0.0 0.0 0.0 0.0 0.0 0.0 0.0
0.0 0.0 0.0 0.0 0.0 0.0 0.0 105.0 0.0 93.0 95.1 92.1 88.8 94.5 89.4 87.0 91.3 84.2 85.6 87.1 88.6 87.1 88.4 81.1 78.3 91.5 87.0 80.7 82.9 81.6 79.6 89.0 0.0 0.0 0.0 0.0 0.0 0.0 0.0 0.0 0.0 0.0 0.0 0.0 0.0 0.0 0.0 0.0 0.0 0.0 0.0 0.0 0.0 0.0 0.0 0.0 0.0 0.0 0.0 0.0
0.0 0.0 0.0 0.0 0.0 0.0 0.0 0.0 0.0 85.9 86.0 92.2 94.2 84.8 96.1 86.9 88.8 91.9 89.8 88.0 84.8 83.6 79.3 83.7 85.7 87.9 85.0 81.7 80.1 83.0 83.0 83.0 83.4 86.2 86.2 82.0 82.0 0.0 0.0 0.0 87.0 0.0 0.0 0.0 0.0 0.0 0.0 0.0 0.0 0.0 0.0 0.0 0.0 0.0 0.0 0.0 0.0 0.0 0.0 0.0
0.0 0.0 0.0 0.0 0.0 0.0 0.0 0.0 0.0 92.0 85.0 90.0 94.0 91.3 82.7 85.7 91.5 83.2 84.9 86.7 84.4 80.2 84.1 79.9 86.4 82.4 83.1 76.9 84.7 84.0 87.5 71.0 0.0 85.0 0.0 81.0 81.0 81.0 0.0 0.0 0.0 0.0 0.0 0.0 0.0 0.0 0.0 0.0 0.0 0.0 0.0 0.0 0.0 0.0 0.0 0.0 0.0 0.0 0.0 0.0
0.0 0.0 0.0 0.0 0.0 0.0 0.0 80.0 77.0 102.1 86.2 81.3 90.4 84.9 78.1 83.2 89.9 96.9 88.8 91.8 82.5 87.6 88.2 85.5 86.8 85.6 83.1 83.1 83.4 83.4 82.2 77.7 77.7 73.0 0.0 0.0 0.0 0.0 0.0 0.0 0.0 0.0 0.0 0.0 0.0 0.0 0.0 0.0 0.0 0.0 0.0 0.0 0.0 0.0 0.0 0.0 0.0 0.0 0.0 0.0
0.0 0.0 0.0 0.0 0.0 0.0 0.0 0.0 0.0 0.0 85.0 76.1 87.0 87.2 81.5 81.6 88.2 87.6 87.1 82.9 89.7 89.5 89.5 86.3 87.2 85.9 83.8 88.8 95.2 92.4 91.9 91.6 82.9 0.0 67.6 62.0 87.0 0.0 0.0 0.0 0.0 0.0 0.0 0.0 0.0 0.0 0.0 0.0 0.0 0.0 0.0 0.0 0.0 0.0 0.0 0.0 0.0 0.0 0.0 0.0
0.0 0.0 0.0 0.0 0.0 0.0 0.0 0.0 0.0 0.0 91.2 88.7 86.0 72.4 78.2 80.6 84.6 87.0 85.2 88.0 83.9 83.1 83.8 81.4 78.5 82.5 80.2 76.3 72.9 75.4 76.2 79.4 83.0 73.1 73.1 73.1 78.0 78.0 0.0 0.0 0.0 0.0 0.0 0.0 0.0 0.0 0.0 0.0 0.0 0.0 0.0 0.0 0.0 0.0 0.0 0.0 0.0 0.0 0.0 0.0
0.0 0.0 0.0 0.0 0.0 0.0 0.0 0.0 0.0 0.0 79.3 80.0 85.7 83.5 81.1 80.2 79.7 78.9 82.6 80.1 77.5 80.2 79.4 81.0 79.3 78.8 78.4 77.7 76.9 73.5 81.1 85.3 81.5 90.5 92.5 94.0 0.0 0.0 0.0 0.0 0.0 0.0 0.0 0.0 0.0 0.0 0.0 0.0 0.0 0.0 0.0 0.0 0.0 0.0 0.0 0.0 0.0 0.0 0.0 0.0
0.0 0.0 0.0 0.0 0.0 0.0 0.0 0.0 0.0 0.0 76.0 78.3 77.0 79.8 77.6 78.6 80.2 77.8 78.4 80.3 85.5 80.6 76.0 81.3 78.9 74.8 71.0 73.1 70.0 70.3 78.9 75.7 77.0 75.8 79.3 78.4 72.0 72.0 0.0 0.0 0.0 0.0 0.0 0.0 0.0 0.0 0.0 0.0 0.0 0.0 0.0 0.0 0.0 0.0 0.0 0.0 0.0 0.0 0.0 0.0
0.0 0.0 0.0 0.0 0.0 0.0 0.0 0.0 0.0 0.0 79.9 79.0 80.7 81.4 88.5 80.1 82.8 79.0 77.3 81.3 76.1 83.7 84.9 76.1 86.8 87.3 83.8 81.9 77.5 79.6 77.7 78.2 74.5 68.5 0.0 82.0 0.0 82.0 82.0 0.0 0.0 82.0 0.0 0.0 0.0 0.0 0.0 0.0 0.0 0.0 0.0 0.0 0.0 0.0 0.0 0.0 0.0 0.0 0.0 0.0
0.0 0.0 0.0 0.0 0.0 0.0 0.0 0.0 0.0 0.0 0.0 73.2 63.6 77.4 79.7 84.2 86.1 85.8 83.7 81.6 79.2 76.5 72.8 76.3 74.2 74.6 84.6 75.6 70.4 76.2 73.6 74.1 73.0 0.0 0.0 85.0 85.0 83.2 85.0 0.0 0.0 0.0 0.0 0.0 0.0 0.0 0.0 0.0 0.0 0.0 0.0 0.0 0.0 0.0 0.0 0.0 0.0 0.0 0.0 0.0
0.0 0.0 0.0 0.0 0.0 0.0 0.0 0.0 0.0 0.0 0.0 84.0 87.1 74.8 84.3 84.6 77.2 78.7 79.2 74.5 79.0 77.7 70.9 73.9 79.2 93.6 88.2 86.6 82.4 84.0 82.4 75.6 75.6 75.3 72.9 72.0 72.0 71.3 72.0 0.0 0.0 0.0 0.0 0.0 0.0 0.0 0.0 0.0 0.0 0.0 0.0 0.0 0.0 0.0 0.0 0.0 0.0 0.0 0.0 0.0
0.0 0.0 0.0 0.0 0.0 0.0 0.0 0.0 0.0 0.0 73.0 73.0 72.3 77.5 88.4 80.7 83.0 74.2 76.3 76.5 72.5 77.3 74.9 72.0 74.4 83.0 82.3 81.4 76.5 74.5 71.8 76.6 72.0 73.4 70.7 73.8 73.8 72.8 75.9 75.4 62.0 0.0 0.0 0.0 0.0 0.0 0.0 0.0 0.0 0.0 0.0 0.0 0.0 0.0 0.0 0.0 0.0 0.0 0.0 0.0
0.0 0.0 0.0 0.0 0.0 0.0 0.0 0.0 68.0 69.0 69.0 73.9 65.0 90.9 91.2 82.7 93.3 76.7 78.2 77.9 74.5 73.1 70.7 71.3 71.4 70.8 74.6 67.1 75.4 77.9 76.9 72.4 72.0 74.8 74.0 0.0 0.0 0.0 0.0 0.0 0.0 0.0 0.0 0.0 0.0 0.0 0.0 0.0 0.0 0.0 0.0 0.0 0.0 0.0 0.0 0.0 0.0 0.0 0.0 0.0
0.0 0.0 0.0 0.0 0.0 0.0 0.0 0.0 84.1 84.1 93.3 100.0 67.0 78.1 76.8 76.4 78.0 77.6 78.7 77.3 71.8 69.0 67.7 65.6 72.7 72.6 73.5 77.9 68.7 69.8 71.4 50.0 50.0 58.5 0.0 0.0 0.0 0.0 0.0 0.0 0.0 0.0 0.0 0.0 0.0 0.0 0.0 0.0 0.0 0.0 0.0 0.0 0.0 0.0 0.0 0.0 0.0 0.0 0.0 0.0
0.0 0.0 0.0 0.0 0.0 0.0 0.0 0.0 0.0 0.0 84.0 79.6 75.0 70.5 75.9 69.1 69.5 69.4 74.0 82.7 87.8 79.9 73.6 72.9 70.3 71.0 76.1 77.4 75.2 70.6 70.2 73.7 74.1 69.2 68.9 0.0 0.0 0.0 0.0 0.0 0.0 0.0 0.0 0.0 0.0 0.0 0.0 0.0 0.0 0.0 0.0 0.0 0.0 0.0 0.0 0.0 0.0 0.0 0.0 0.0
0.0 0.0 0.0 0.0 0.0 0.0 0.0 0.0 0.0 0.0 0.0 73.3 73.4 79.0 72.1 68.3 69.3 70.6 74.8 77.9 73.8 82.6 74.9 73.8 74.3 74.6 73.8 75.3 69.0 69.5 80.3 78.2 80.3 73.1 65.8 71.3 69.1 69.1 69.8 71.0 71.0 71.0 0.0 0.0 0.0 0.0 0.0 0.0 0.0 0.0 0.0 0.0 0.0 0.0 0.0 0.0 0.0 0.0 0.0 0.0
0.0 0.0 0.0 0.0 0.0 0.0 0.0 0.0 0.0 0.0 0.0 70.0 65.7 66.0 79.5 79.3 76.8 75.2 75.2 68.0 67.0 67.9 69.4 69.0 65.7 63.2 66.8 72.3 70.5 71.5 59.0 62.0 62.3 64.1 66.9 67.4 67.8 64.9 59.6 70.1 70.1 65.0 67.6 72.0 72.0 72.0 0.0 0.0 0.0 0.0 0.0 0.0 0.0 0.0 0.0 0.0 0.0 0.0 0.0 0.0
0.0 0.0 0.0 0.0 0.0 0.0 0.0 0.0 0.0 0.0 0.0 68.5 77.1 79.0 65.0 67.1 69.3 71.7 70.6 70.1 68.4 68.0 70.1 73.0 66.9 68.0 67.2 68.3 67.6 75.4 72.1 73.3 74.3 74.0 74.0 76.1 76.1 0.0 0.0 64.0 0.0 0.0 0.0 0.0 0.0 0.0 0.0 0.0 0.0 0.0 0.0 0.0 0.0 0.0 0.0 0.0 0.0 0.0 0.0 0.0
0.0 0.0 0.0 0.0 0.0 0.0 0.0 0.0 0.0 0.0 0.0 82.0 70.0 73.6 66.1 0.0 67.6 69.1 69.3 66.5 66.0 67.9 70.8 70.8 73.3 69.7 70.6 70.0 65.3 65.2 66.2 70.4 69.7 62.2 71.6 0.0 52.0 0.0 69.0 69.0 0.0 0.0 0.0 0.0 0.0 0.0 0.0 0.0 0.0 0.0 0.0 0.0 0.0 0.0 0.0 0.0 0.0 0.0 0.0 0.0
0.0 0.0 0.0 0.0 0.0 0.0 0.0 0.0 0.0 0.0 0.0 0.0 0.0 71.9 64.7 64.8 72.8 71.9 68.3 69.6 66.1 66.2 69.3 66.9 67.1 61.6 70.9 68.9 62.4 61.9 61.6 62.7 59.6 59.3 59.3 57.8 64.8 64.8 69.1 70.0 70.0 70.0 70.0 0.0 0.0 0.0 68.0 0.0 0.0 0.0 0.0 0.0 0.0 0.0 0.0 0.0 0.0 0.0 0.0 0.0
0.0 0.0 0.0 0.0 0.0 0.0 0.0 0.0 0.0 0.0 0.0 74.5 81.1 74.5 71.0 67.5 70.5 72.6 72.0 67.2 69.6 78.0 69.0 66.4 67.7 70.3 64.7 65.5 67.3 68.9 70.1 66.3 65.9 64.2 67.4 69.1 66.1 68.7 58.0 67.3 58.0 58.0 0.0 0.0 0.0 0.0 0.0 0.0 0.0 0.0 0.0 0.0 0.0 0.0 0.0 0.0 0.0 0.0 0.0 0.0
0.0 0.0 0.0 0.0 0.0 0.0 0.0 0.0 0.0 0.0 0.0 0.0 68.8 73.0 67.2 77.4 60.4 67.0 67.5 68.1 65.9 64.8 63.0 63.3 59.6 57.5 57.7 58.7 68.6 69.3 70.2 69.3 68.3 70.3 64.2 61.3 62.2 62.2 55.7 0.0 66.9 66.0 66.0 61.0 61.0 66.0 66.0 0.0 0.0 0.0 0.0 0.0 0.0 0.0 0.0 0.0 0.0 0.0 0.0 0.0
0.0 0.0 0.0 0.0 0.0 0.0 0.0 0.0 0.0 0.0 64.0 69.9 69.5 71.0 71.2 77.4 70.7 61.9 65.1 72.1 63.3 68.7 67.1 69.5 67.9 66.6 63.2 63.9 68.0 63.4 52.8 74.1 68.5 62.1 63.9 58.6 53.0 56.5 0.0 0.0 58.0 58.0 58.0 0.0 0.0 0.0 0.0 0.0 0.0 0.0 0.0 0.0 0.0 0.0 0.0 0.0 0.0 0.0 0.0 0.0
0.0 0.0 0.0 0.0 0.0 0.0 0.0 0.0 0.0 60.0 60.0 60.0 0.0 60.5 60.7 62.2 62.3 59.6 60.0 64.7 61.9 63.9 63.5 61.6 59.1 57.7 57.4 63.0 66.7 70.2 68.5 65.7 67.3 67.6 67.3 55.9 58.0 0.0 0.0 51.0 0.0 0.0 63.0 57.0 0.0 0.0 0.0 0.0 0.0 0.0 0.0 0.0 0.0 0.0 0.0 0.0 0.0 0.0 0.0 0.0
0.0 0.0 0.0 0.0 0.0 0.0 0.0 0.0 0.0 0.0 0.0 0.0 64.1 0.0 65.7 74.1 71.9 68.4 67.0 63.1 63.5 66.3 66.3 66.4 62.3 65.0 68.7 67.8 65.3 61.8 59.6 59.1 62.4 59.2 55.5 58.4 0.0 0.0 67.8 59.3 50.0 0.0 0.0 61.0 0.0 42.0 0.0 0.0 0.0 0.0 0.0 0.0 0.0 0.0 0.0 0.0 0.0 0.0 0.0 0.0
0.0 0.0 0.0 0.0 0.0 0.0 0.0 0.0 0.0 0.0 0.0 0.0 0.0 52.0 75.0 61.3 65.7 65.7 68.7 66.4 70.1 62.6 68.6 68.5 63.2 65.5 64.4 63.5 65.5 62.8 62.4 63.1 58.9 59.9 61.8 62.6 71.0 60.0 0.0 0.0 61.6 61.6 61.0 61.0 61.0 0.0 0.0 0.0 0.0 0.0 0.0 0.0 0.0 0.0 0.0 0.0 0.0 0.0 0.0 0.0
0.0 0.0 0.0 0.0 0.0 0.0 0.0 0.0 0.0 0.0 0.0 0.0 71.0 61.4 0.0 49.3 62.4 60.1 64.5 64.1 64.7 67.4 63.0 63.2 68.4 67.0 60.1 57.8 62.9 63.4 58.8 63.6 61.7 57.7 57.9 58.1 55.5 52.0 52.0 0.0 0.0 0.0 0.0 0.0 0.0 53.0 0.0 58.0 0.0 0.0 0.0 0.0 0.0 0.0 0.0 0.0 0.0 0.0 0.0 0.0
0.0 0.0 0.0 0.0 0.0 0.0 0.0 0.0 0.0 0.0 0.0 58.0 61.0 66.6 70.8 68.9 63.8 69.4 73.1 66.0 63.7 58.7 60.6 58.2 61.9 60.4 60.6 63.2 65.5 63.0 52.4 52.7 61.5 62.7 68.3 59.1 56.5 55.1 52.5 48.7 62.7 70.0 57.0 57.0 57.0 0.0 0.0 0.0 0.0 0.0 0.0 0.0 0.0 0.0 0.0 0.0 0.0 0.0 0.0 0.0
0.0 0.0 0.0 0.0 0.0 0.0 0.0 0.0 0.0 0.0 0.0 0.0 56.0 51.8 65.3 65.2 57.7 58.5 59.2 64.2 66.7 66.2 63.8 64.0 63.3 62.2 58.6 60.8 61.9 54.9 61.0 61.8 65.3 65.1 66.6 62.8 59.0 59.7 56.7 0.0 0.0 0.0 53.6 53.0 0.0 0.0 0.0 0.0 0.0 0.0 0.0 0.0 0.0 0.0 0.0 0.0 0.0 0.0 0.0 0.0
0.0 0.0 0.0 0.0 0.0 0.0 0.0 0.0 0.0 0.0 0.0 0.0 0.0 56.0 55.4 54.0 53.8 57.8 61.7 62.5 56.9 58.5 55.5 61.6 58.8 57.9 59.2 59.3 57.1 56.5 55.3 55.6 56.9 58.5 57.5 57.3 61.1 58.0 62.6 55.0 55.0 60.0 60.0 0.0 0.0 0.0 0.0 0.0 0.0 0.0 0.0 0.0 0.0 0.0 0.0 0.0 0.0 0.0 0.0 0.0
0.0 0.0 0.0 0.0 0.0 0.0 0.0 0.0 0.0 0.0 0.0 0.0 0.0 0.0 61.5 57.3 56.2 60.2 57.4 59.0 59.9 62.6 69.6 65.5 65.6 65.0 61.7 58.5 54.0 62.7 59.1 59.5 57.0 57.5 56.1 52.9 52.0 49.3 49.3 51.5 49.7 41.2 43.3 35.0 35.0 35.0 35.0 35.0 35.0 35.0 35.0 0.0 0.0 0.0 0.0 0.0 0.0 0.0 0.0 0.0
0.0 0.0 0.0 0.0 0.0 0.0 0.0 0.0 0.0 0.0 0.0 0.0 50.0 67.0 63.6 69.8 65.9 63.3 61.8 58.7 61.9 53.8 65.7 59.2 61.5 58.3 57.0 59.7 61.2 58.7 53.6 49.1 45.2 52.5 52.7 53.0 54.5 46.8 57.7 49.2 46.0 0.0 0.0 0.0 0.0 0.0 0.0 0.0 0.0 0.0 0.0 0.0 0.0 0.0 0.0 0.0 0.0 0.0 0.0 0.0
0.0 0.0 0.0 0.0 0.0 0.0 0.0 0.0 0.0 0.0 0.0 0.0 0.0 0.0 55.4 58.3 58.0 62.2 57.9 56.5 58.0 56.4 58.6 61.5 61.6 65.3 56.1 58.7 51.4 55.1 51.3 47.8 50.8 50.8 49.2 54.2 56.2 54.8 55.0 49.3 55.3 51.2 57.3 53.8 51.0 0.0 0.0 54.0 0.0 0.0 0.0 0.0 0.0 0.0 0.0 0.0 0.0 0.0 0.0 0.0
0.0 0.0 0.0 0.0 0.0 0.0 0.0 0.0 0.0 0.0 0.0 0.0 0.0 54.0 56.1 55.8 57.5 51.4 50.0 48.8 54.2 51.5 52.0 57.2 53.5 49.4 50.2 53.0 53.8 52.4 57.5 56.1 48.0 56.2 61.7 61.4 58.2 59.9 0.0 0.0 0.0 57.0 0.0 47.0 0.0 0.0 0.0 0.0 0.0 0.0 0.0 0.0 0.0 0.0 0.0 0.0 0.0 0.0 0.0 0.0
0.0 0.0 0.0 0.0 0.0 0.0 0.0 0.0 0.0 0.0 0.0 0.0 0.0 0.0 62.0 58.7 55.8 55.0 49.0 48.5 50.9 53.6 51.6 56.7 53.1 53.4 50.3 44.7 51.0 52.5 50.7 50.3 48.4 51.7 0.0 0.0 71.0 63.7 67.5 46.0 46.6 0.0 0.0 0.0 0.0 46.0 43.0 43.0 0.0 0.0 0.0 0.0 0.0 0.0 0.0 0.0 0.0 0.0 0.0 0.0
0.0 0.0 0.0 0.0 0.0 0.0 0.0 0.0 0.0 0.0 0.0 0.0 0.0 57.0 55.2 57.0 47.4 56.8 55.9 52.9 52.5 54.8 55.5 48.7 49.8 48.8 51.9 57.7 48.5 46.5 47.6 48.8 52.0 55.2 48.0 52.5 47.7 48.0 46.7 50.6 50.9 53.1 0.0 0.0 52.1 52.1 50.0 0.0 45.0 45.0 0.0 0.0 0.0 0.0 0.0 0.0 0.0 0.0 0.0 0.0
0.0 0.0 0.0 0.0 0.0 0.0 0.0 0.0 0.0 0.0 0.0 0.0 0.0 70.0 52.4 51.5 49.6 44.6 48.3 53.8 56.3 55.1 52.7 50.3 49.1 52.1 55.7 51.3 51.1 49.5 50.7 49.3 50.8 55.9 56.3 49.7 49.8 46.0 45.0 0.0 0.0 0.0 0.0 0.0 0.0 0.0 0.0 0.0 0.0 0.0 0.0 0.0 0.0 0.0 0.0 0.0 0.0 0.0 0.0 0.0
0.0 0.0 0.0 0.0 0.0 0.0 0.0 0.0 0.0 0.0 0.0 0.0 52.0 53.4 45.0 53.1 48.0 0.0 47.6 48.9 54.7 50.7 61.2 48.9 54.1 51.8 50.2 48.9 51.6 51.8 52.9 51.5 53.2 54.1 51.9 58.3 42.2 42.6 42.8 48.0 43.0 43.0 0.0 56.0 0.0 0.0 34.0 0.0 0.0 0.0 0.0 0.0 0.0 0.0 0.0 0.0 0.0 0.0 0.0 0.0
0.0 0.0 0.0 0.0 0.0 0.0 0.0 0.0 0.0 0.0 0.0 0.0 52.0 52.7 49.5 59.3 44.8 41.0 42.2 48.5 46.8 45.9 48.3 47.7 47.1 54.1 50.5 41.9 43.6 43.5 47.3 49.7 49.7 46.8 48.8 59.0 54.3 54.9 48.8 48.8 44.1 44.1 0.0 0.0 0.0 0.0 0.0 0.0 0.0 0.0 43.0 0.0 0.0 0.0 0.0 0.0 0.0 0.0 0.0 0.0
0.0 0.0 0.0 0.0 0.0 0.0 0.0 0.0 0.0 0.0 0.0 0.0 0.0 0.0 0.0 40.0 42.0 49.8 51.9 60.2 60.3 52.6 51.7 48.0 48.0 47.3 49.2 48.9 48.0 48.1 55.1 49.8 44.3 43.7 48.7 44.9 42.7 42.7 44.9 45.0 45.2 44.8 52.0 0.0 43.0 43.0 42.0 0.0 0.0 0.0 0.0 22.0 22.0 22.0 0.0 0.0 0.0 0.0 0.0 0.0
0.0 0.0 0.0 0.0 0.0 0.0 0.0 0.0 0.0 0.0 0.0 0.0 0.0 0.0 0.0 51.8 48.5 45.0 53.5 50.9 49.8 45.1 46.1 46.7 46.4 49.3 56.8 57.3 43.0 49.6 50.3 53.9 47.0 46.7 48.8 54.7 54.5 45.2 41.4 37.0 37.0 0.0 0.0 52.0 37.0 37.0 37.0 0.0 0.0 0.0 0.0 0.0 0.0 0.0 0.0 0.0 0.0 0.0 0.0 0.0
0.0 0.0 0.0 0.0 0.0 0.0 0.0 0.0 0.0 0.0 0.0 0.0 0.0 0.0 0.0 45.3 49.7 57.8 52.3 47.1 43.7 51.3 51.5 59.0 52.0 51.4 52.8 50.2 51.3 50.9 49.7 49.0 50.0 50.7 50.2 46.0 43.0 42.6 43.4 54.1 54.7 54.7 54.7 54.0 38.0 38.0 38.0 0.0 0.0 0.0 0.0 0.0 0.0 0.0 0.0 0.0 0.0 0.0 0.0 0.0
0.0 0.0 0.0 0.0 0.0 0.0 0.0 0.0 0.0 0.0 0.0 0.0 0.0 0.0 48.0 54.0 50.2 39.5 45.8 43.8 50.4 50.4 49.9 48.3 46.0 47.4 50.1 48.3 48.7 43.5 43.4 45.2 45.8 47.2 46.0 50.1 43.0 40.7 39.5 53.8 42.5 51.0 0.0 0.0 0.0 0.0 0.0 0.0 44.0 0.0 0.0 0.0 0.0 0.0 0.0 0.0 0.0 0.0 0.0 0.0
0.0 0.0 0.0 0.0 0.0 0.0 0.0 0.0 0.0 0.0 0.0 0.0 0.0 0.0 0.0 47.0 68.0 51.0 54.1 43.2 40.7 42.2 40.0 37.5 44.1 47.3 44.3 42.1 40.7 46.5 47.6 47.1 47.3 43.2 40.5 47.7 43.9 32.2 39.3 39.2 39.2 39.2 47.0 47.0 0.0 0.0 0.0 0.0 0.0 0.0 0.0 0.0 0.0 0.0 0.0 0.0 0.0 0.0 0.0 0.0
0.0 0.0 0.0 0.0 0.0 0.0 0.0 0.0 0.0 0.0 0.0 0.0 0.0 0.0 0.0 0.0 49.6 46.0 43.7 43.6 43.7 44.7 42.3 44.9 43.5 43.4 40.6 48.2 39.6 40.9 39.3 37.1 41.9 40.9 42.0 40.5 39.8 42.6 42.0 39.4 41.4 36.0 28.4 36.0 50.0 0.0 0.0 0.0 0.0 0.0 0.0 0.0 0.0 0.0 0.0 0.0 0.0 0.0 0.0 0.0
0.0 0.0 0.0 0.0 0.0 0.0 0.0 0.0 0.0 0.0 0.0 0.0 0.0 41.0 41.0 45.5 49.0 36.5 41.5 36.6 35.1 41.6 45.4 52.6 54.9 48.6 41.1 39.0 42.6 41.8 42.0 41.5 40.7 42.9 39.2 39.7 44.7 45.3 46.8 40.3 33.4 30.3 30.3 0.0 0.0 0.0 0.0 29.0 29.0 0.0 0.0 0.0 0.0 0.0 0.0 0.0 0.0 0.0 0.0 0.0
0.0 0.0 0.0 0.0 0.0 0.0 0.0 0.0 0.0 0.0 0.0 0.0 0.0 0.0 0.0 0.0 34.3 49.2 46.3 47.3 47.2 57.0 43.8 42.9 39.8 43.7 38.4 47.9 42.7 41.2 40.0 43.8 46.3 43.3 46.2 45.9 43.2 48.4 42.7 47.0 49.3 47.0 38.5 41.7 41.2 43.5 45.0 45.0 0.0 0.0 0.0 0.0 0.0 0.0 0.0 0.0 0.0 0.0 0.0 0.0
0.0 0.0 0.0 0.0 0.0 0.0 0.0 0.0 0.0 0.0 0.0 0.0 0.0 0.0 45.0 0.0 46.8 41.6 44.3 41.8 44.4 44.7 41.5 42.1 41.2 39.2 40.6 39.7 41.6 40.9 51.0 45.6 46.8 39.7 37.4 39.3 45.3 51.7 49.3 34.0 37.0 38.0 37.7 37.7 38.0 38.0 41.5 43.0 30.0 0.0 0.0 0.0 0.0 0.0 0.0 0.0 0.0 0.0 0.0 0.0
0.0 0.0 0.0 0.0 0.0 0.0 0.0 0.0 0.0 0.0 0.0 0.0 0.0 0.0 0.0 47.0 41.0 45.3 42.8 43.4 43.1 42.2 44.2 45.0 44.2 44.6 40.2 39.8 35.8 37.8 36.4 39.3 48.3 46.9 34.0 34.0 34.2 27.7 30.2 29.9 37.6 33.9 34.0 37.0 38.0 0.0 0.0 32.0 32.0 0.0 0.0 32.0 32.0 0.0 0.0 0.0 0.0 0.0 0.0 0.0
0.0 0.0 0.0 0.0 0.0 0.0 0.0 0.0 0.0 0.0 0.0 0.0 0.0 0.0 0.0 0.0 0.0 31.0 34.5 37.5 44.1 45.9 41.1 35.9 36.8 35.6 35.4 35.1 40.0 40.6 32.6 31.7 32.1 36.8 37.5 40.7 34.7 33.9 29.7 39.1 39.0 36.9 36.9 0.0 33.7 33.7 28.0 0.0 0.0 0.0 0.0 0.0 0.0 0.0 0.0 0.0 0.0 0.0 0.0 0.0
0.0 0.0 0.0 0.0 0.0 0.0 0.0 0.0 0.0 0.0 0.0 0.0 0.0 0.0 0.0 0.0 55.0 43.0 41.6 41.2 40.6 36.3 39.5 38.5 39.3 38.1 36.8 34.6 37.0 38.3 39.3 39.0 38.8 29.5 34.5 36.1 36.8 41.2 40.7 30.8 33.7 31.7 30.6 40.5 42.8 32.0 39.8 32.0 34.3 34.3 32.0 32.0 0.0 0.0 0.0 0.0 0.0 0.0 0.0 0.0
0.0 0.0 0.0 0.0 0.0 0.0 0.0 0.0 0.0 0.0 0.0 0.0 0.0 0.0 0.0 0.0 0.0 37.5 40.2 40.1 44.4 41.3 38.9 39.1 41.3 40.1 38.3 37.7 43.8 47.0 44.4 38.4 35.8 45.0 35.5 36.0 33.1 37.3 40.7 37.2 35.9 40.6 38.4 29.3 23.6 36.3 0.0 32.1 28.0 0.0 0.0 0.0 0.0 0.0 0.0 0.0 0.0 0.0 0.0 0.0
0.0 0.0 0.0 0.0 0.0 0.0 0.0 0.0 0.0 0.0 0.0 0.0 0.0 0.0 0.0 0.0 42.0 34.8 42.8 36.0 35.9 37.3 37.4 35.3 37.1 38.8 37.9 37.1 35.1 30.5 35.7 35.6 32.2 37.8 39.7 33.3 32.3 34.7 35.8 38.4 42.7 0.0 35.4 38.0 38.0 38.0 0.0 0.0 0.0 0.0 0.0 0.0 0.0 0.0 0.0 0.0 0.0 0.0 0.0 0.0
0.0 0.0 0.0 0.0 0.0 0.0 0.0 0.0 0.0 0.0 0.0 0.0 0.0 0.0 0.0 40.0 0.0 0.0 0.0 37.7 36.9 36.0 35.2 35.2 31.0 33.3 33.1 31.2 34.3 33.3 31.4 29.8 30.9 37.4 36.4 33.8 40.5 32.4 22.3 29.0 32.1 35.7 33.8 32.5 32.5 32.5 31.0 31.0 34.0 30.0 30.0 0.0 0.0 0.0 0.0 0.0 0.0 0.0 0.0 0.0
0.0 0.0 0.0 0.0 0.0 0.0 0.0 0.0 0.0 0.0 0.0 0.0 0.0 0.0 0.0 0.0 33.0 43.6 42.7 34.9 34.0 33.6 34.9 33.4 35.6 39.0 38.5 35.8 33.1 33.8 34.4 33.9 30.7 27.4 32.1 35.8 35.5 34.0 36.4 31.3 28.8 31.2 30.8 29.0 15.0 27.0 32.0 34.0 0.0 21.0 21.0 21.0 0.0 0.0 0.0 0.0 0.0 0.0 0.0 0.0
0.0 0.0 0.0 0.0 0.0 0.0 0.0 0.0 0.0 0.0 0.0 0.0 0.0 0.0 0.0 0.0 0.0 29.1 27.0 43.0 37.1 36.7 37.9 37.5 33.8 33.9 33.7 39.1 38.2 40.9 40.6 32.6 31.5 33.3 30.6 26.5 31.0 29.1 30.6 30.0 28.1 26.6 27.3 22.0 22.0 0.0 13.0 13.0 13.0 17.9 20.0 0.0 0.0 0.0 0.0 0.0 0.0 0.0 0.0 0.0
0.0 0.0 0.0 0.0 0.0 0.0 0.0 0.0 0.0 0.0 0.0 0.0 0.0 0.0 0.0 0.0 0.0 40.0 36.9 39.8 37.0 37.0 37.8 41.1 41.0 32.3 35.9 37.8 34.5 30.4 30.7 29.5 28.1 30.2 29.1 28.4 31.5 30.5 27.3 26.6 29.6 31.3 33.0 28.7 30.1 30.7 29.7 29.6 31.0 28.2 27.0 27.0 0.0 0.0 0.0 0.0 0.0 0.0 0.0 0.0
0.0 0.0 0.0 0.0 0.0 0.0 0.0 0.0 0.0 0.0 0.0 0.0 0.0 0.0 0.0 26.0 32.7 26.0 29.1 24.5 29.5 30.1 41.9 32.3 26.0 25.3 32.5 31.1 26.3 25.4 28.7 28.8 28.6 25.6 26.7 27.6 30.0 31.1 28.3 28.8 30.8 28.8 30.7 29.2 20.0 22.6 29.0 15.0 15.0 17.9 17.9 15.0 15.0 0.0 9.0 9.0 9.0 0.0 0.0 0.0
0.0 0.0 0.0 0.0 0.0 0.0 0.0 0.0 0.0 0.0 0.0 0.0 0.0 0.0 0.0 0.0 0.0 0.0 38.6 23.0 23.7 26.6 27.6 27.8 26.7 24.8 27.3 27.3 29.1 30.0 31.0 29.5 29.7 27.7 28.4 30.2 30.8 28.9 30.0 26.2 26.5 27.9 34.8 36.0 36.0 0.0 27.0 26.0 0.0 0.0 0.0 0.0 0.0 0.0 0.0 0.0 0.0 0.0 0.0 0.0
0.0 0.0 0.0 0.0 0.0 0.0 0.0 0.0 0.0 0.0 0.0 0.0 0.0 0.0 0.0 34.0 34.0 0.0 38.0 38.0 30.1 26.0 32.6 27.1 31.5 26.6 35.1 24.7 26.9 29.7 26.6 31.0 29.6 28.1 25.2 26.3 29.1 28.9 31.0 27.5 25.9 21.4 22.0 28.0 22.5 20.9 18.0 0.0 22.0 0.0 0.0 0.0 0.0 18.0 18.0 0.0 0.0 0.0 0.0 0.0
0.0 0.0 0.0 0.0 0.0 0.0 0.0 0.0 0.0 0.0 0.0 0.0 0.0 0.0 0.0 0.0 0.0 27.0 32.5 31.6 29.8 30.2 28.5 30.7 31.6 29.5 29.1 30.6 31.1 25.8 26.2 29.1 27.2 31.1 30.6 25.7 25.3 28.8 28.7 28.5 27.6 22.3 25.1 28.2 28.0 27.1 27.9 27.0 27.0 0.0 34.0 34.0 22.0 0.0 0.0 0.0 0.0 0.0 0.0 0.0
0.0 0.0 0.0 0.0 0.0 0.0 0.0 0.0 0.0 0.0 0.0 0.0 0.0 0.0 0.0 0.0 34.0 34.0 0.0 28.0 44.0 34.1 30.4 31.2 29.0 30.6 30.2 28.4 25.7 25.5 23.7 24.1 23.0 22.3 22.8 25.7 26.9 27.9 27.0 26.4 26.9 26.1 23.1 23.2 19.0 20.5 26.1 27.0 0.0 0.0 0.0 0.0 0.0 0.0 0.0 0.0 0.0 0.0 0.0 0.0
0.0 0.0 0.0 0.0 0.0 0.0 0.0 0.0 0.0 0.0 0.0 0.0 0.0 0.0 0.0 0.0 0.0 0.0 25.1 25.0 27.6 26.0 27.1 23.2 23.3 21.2 20.4 21.2 25.9 25.6 21.9 25.5 28.0 26.6 27.3 28.9 24.2 22.7 26.9 23.4 19.5 17.3 14.8 18.7 23.0 25.8 25.8 27.1 0.0 0.0 0.0 0.0 0.0 0.0 0.0 0.0 0.0 0.0 0.0 0.0
0.0 0.0 0.0 0.0 0.0 0.0 0.0 0.0 0.0 0.0 0.0 0.0 0.0 0.0 0.0 0.0 0.0 31.0 0.0 39.0 33.0 31.2 22.8 32.3 30.0 26.2 33.2 31.9 22.9 26.4 26.4 24.3 24.9 22.6 23.2 25.0 22.6 24.5 20.7 20.5 21.6 16.2 27.0 20.6 21.0 21.5 21.0 23.3 25.5 22.0 0.0 0.0 0.0 0.0 0.0 0.0 0.0 0.0 0.0 0.0
0.0 0.0 0.0 0.0 0.0 0.0 0.0 0.0 0.0 0.0 0.0 0.0 0.0 0.0 0.0 0.0 18.0 0.0 0.0 28.1 23.5 23.8 19.5 21.7 22.6 28.0 29.4 23.2 25.5 29.5 25.7 26.0 23.2 20.4 30.9 29.7 24.3 17.8 20.4 22.6 23.7 22.4 15.4 14.5 23.7 19.2 15.8 13.1 13.1 13.1 13.9 15.1 6.0 6.0 6.0 6.0 6.0 6.0 0.0 0.0
0.0 0.0 0.0 0.0 0.0 0.0 0.0 0.0 0.0 0.0 0.0 0.0 0.0 0.0 0.0 0.0 0.0 21.0 0.0 22.0 28.2 18.0 23.9 24.3 22.6 19.7 25.9 28.3 23.4 24.7 24.4 23.5 21.1 20.3 20.8 18.8 16.6 18.3 23.0 22.0 22.9 23.3 24.3 22.8 21.8 22.5 23.0 25.0 26.6 25.0 0.0 0.0 15.4 0.0 0.0 0.0 0.0 0.0 0.0 0.0
0.0 0.0 0.0 0.0 0.0 0.0 0.0 0.0 0.0 0.0 0.0 0.0 0.0 0.0 0.0 0.0 0.0 19.0 0.0 0.0 0.0 0.0 20.5 22.4 16.7 17.2 17.9 18.5 22.3 23.6 25.8 23.4 20.1 19.7 27.9 23.4 19.0 23.5 26.8 27.8 18.9 21.5 19.6 18.5 18.1 18.0 24.9 24.9 29.0 19.0 13.0 0.0 0.0 0.0 0.0 0.0 0.0 0.0 0.0 0.0
0.0 0.0 0.0 0.0 0.0 0.0 0.0 0.0 0.0 0.0 0.0 0.0 0.0 0.0 0.0 0.0 0.0 0.0 28.0 31.5 27.3 25.0 25.0 22.8 23.9 23.3 25.9 24.2 21.0 21.0 19.3 22.0 21.8 22.0 21.5 20.2 26.5 28.8 23.8 25.3 30.3 24.0 24.4 25.1 22.7 19.2 0.0 19.1 17.0 18.9 18.8 0.0 0.0 0.0 0.0 0.0 0.0 0.0 0.0 0.0
0.0 0.0 0.0 0.0 0.0 0.0 0.0 0.0 0.0 0.0 0.0 0.0 0.0 0.0 0.0 0.0 0.0 28.0 24.0 0.0 0.0 22.3 17.6 23.8 25.0 30.9 22.4 19.5 21.0 21.4 17.7 27.9 24.8 23.1 23.1 19.9 18.1 20.4 19.3 18.7 19.5 20.9 20.2 20.3 12.3 17.3 21.4 18.8 16.0 22.0 22.0 22.0 0.0 0.0 0.0 0.0 0.0 0.0 0.0 0.0
0.0 0.0 0.0 0.0 0.0 0.0 0.0 0.0 0.0 0.0 0.0 0.0 0.0 0.0 0.0 0.0 0.0 0.0 20.0 27.8 25.4 26.1 25.2 20.9 16.4 17.2 15.8 16.5 13.4 16.6 16.5 17.4 20.3 15.1 13.8 13.8 14.5 16.4 16.8 21.0 18.7 19.2 19.2 14.6 17.3 17.9 14.5 16.0 15.2 15.2 17.0 17.0 12.0 0.0 0.0 0.0 0.0 0.0 0.0 0.0
0.0 0.0 0.0 0.0 0.0 0.0 0.0 0.0 0.0 0.0 0.0 0.0 0.0 0.0 0.0 0.0 0.0 0.0 24.5 26.0 22.5 24.0 20.2 21.3 20.8 21.8 18.4 22.1 18.1 19.6 19.7 21.8 20.7 17.0 18.5 14.7 14.6 16.0 20.2 20.5 21.5 17.6 14.9 15.0 19.9 23.9 20.3 21.6 15.2 12.9 13.9 14.3 14.3 12.7 11.7 0.0 0.0 0.0 0.0 0.0
0.0 0.0 0.0 0.0 0.0 0.0 0.0 0.0 0.0 0.0 0.0 0.0 0.0 0.0 0.0 0.0 0.0 0.0 19.5 20.7 21.0 9.0 16.5 24.2 18.0 21.1 20.7 19.1 19.3 21.9 19.1 16.8 14.6 15.6 15.1 16.2 15.5 13.3 14.4 13.0 11.9 12.6 13.8 14.6 8.0 8.9 10.1 10.2 10.3 10.0 10.0 14.0 14.0 14.0 0.0 0.0 0.0 0.0 0.0 0.0
0.0 0.0 0.0 0.0 0.0 0.0 0.0 0.0 0.0 0.0 0.0 0.0 0.0 0.0 0.0 0.0 0.0 0.0 0.0 21.2 18.1 0.0 17.5 18.1 20.4 19.2 14.5 13.6 18.2 14.1 16.4 19.2 17.5 16.8 19.1 13.7 13.1 13.2 16.7 17.0 14.5 23.8 18.7 14.2 11.5 11.5 10.1 0.0 0.0 18.0 18.0 18.0 15.7 15.7 0.0 10.0 10.0 10.0 10.0 0.0
0.0 0.0 0.0 0.0 0.0 0.0 0.0 0.0 0.0 0.0 0.0 0.0 0.0 0.0 0.0 0.0 0.0 0.0 0.0 12.0 10.5 11.5 9.2 12.4 12.6 15.1 14.8 13.8 12.4 16.4 17.1 17.8 18.9 14.3 14.0 16.0 13.8 13.1 13.5 12.8 11.5 13.3 16.7 17.8 20.0 20.6 15.7 16.5 18.8 17.9 14.3 11.5 0.0 6.4 8.5 8.5 0.0 0.0 0.0 0.0
0.0 0.0 0.0 0.0 0.0 0.0 0.0 0.0 0.0 0.0 0.0 0.0 0.0 0.0 0.0 0.0 0.0 0.0 0.0 11.0 11.0 26.0 22.8 17.3 14.8 16.0 14.3 21.3 21.8 10.4 14.9 16.6 15.9 13.2 12.2 12.2 10.3 10.8 10.6 11.5 13.7 14.7 13.3 11.1 11.7 6.0 19.5 19.2 18.3 16.8 11.0 0.0 5.0 5.0 5.0 5.0 5.9 5.9 5.0 0.0
0.0 0.0 0.0 0.0 0.0 0.0 0.0 0.0 0.0 0.0 0.0 0.0 0.0 0.0 0.0 0.0 0.0 0.0 0.0 15.0 11.9 11.9 20.2 12.8 14.2 18.2 12.7 10.5 15.2 17.4 16.9 17.0 18.4 16.1 15.8 14.7 14.3 14.4 13.3 13.7 13.3 13.3 12.7 12.5 13.3 13.0 12.1 11.8 11.1 12.3 12.3 12.9 13.7 13.0 11.2 7.0 0.0 0.0 0.0 0.0
0.0 0.0 0.0 0.0 0.0 0.0 0.0 0.0 0.0 0.0 0.0 0.0 0.0 0.0 0.0 0.0 0.0 0.0 0.0 0.0 20.0 11.2 11.2 6.0 18.5 12.7 8.6 12.6 12.5 12.6 12.5 9.3 9.7 10.1 9.5 11.1 10.4 11.9 9.3 9.2 10.0 11.3 11.1 10.2 9.9 9.8 9.7 8.8 8.2 9.4 9.2 7.5 7.7 6.3 11.0 0.0 0.0 0.0 0.0 0.0
0.0 0.0 0.0 0.0 0.0 0.0 0.0 0.0 0.0 0.0 0.0 0.0 0.0 0.0 0.0 0.0 0.0 0.0 9.0 9.0 0.0 14.8 14.8 13.3 12.7 14.0 14.5 13.2 13.4 14.5 14.7 13.2 12.9 12.5 12.4 11.6 12.1 13.3 13.8 12.5 11.9 11.6 10.4 13.2 13.5 14.0 12.0 8.8 8.7 8.4 8.5 8.7 8.1 6.2 4.2 0.0 0.0 0.0 0.0 0.0
0.0 0.0 0.0 0.0 0.0 0.0 0.0 0.0 0.0 0.0 0.0 0.0 0.0 0.0 0.0 0.0 0.0 0.0 0.0 0.0 0.0 22.0 21.4 16.2 15.0 14.4 17.9 17.8 17.4 18.7 15.8 15.8 12.5 11.2 10.5 11.3 13.0 11.1 12.2 10.9 10.3 10.3 10.3 10.1 9.2 9.4 9.4 8.8 9.0 9.3 9.0 7.7 7.1 7.1 6.7 6.6 3.4 3.4 3.6 0.0
0.0 0.0 0.0 0.0 0.0 0.0 0.0 0.0 0.0 0.0 0.0 0.0 0.0 0.0 0.0 0.0 0.0 9.0 0.0 0.0 0.0 13.0 13.0 13.5 12.2 13.1 12.2 11.6 11.3 10.9 11.7 10.6 10.3 9.5 9.5 11.4 10.5 9.3 9.1 8.7 8.8 9.6 9.9 8.5 8.5 7.9 7.8 7.6 7.9 8.0 7.0 7.1 6.9 6.3 6.1 5.1 4.7 2.9 2.9 0.0
0.0 0.0 0.0 0.0 0.0 0.0 0.0 0.0 0.0 0.0 0.0 0.0 0.0 0.0 0.0 0.0 0.0 0.0 0.0 0.0 0.0 16.0 13.4 12.8 13.6 14.7 11.4 10.1 10.8 8.4 10.4 10.6 10.4 11.1 10.2 8.0 8.2 6.7 5.4 5.4 5.3 5.9 5.4 5.8 4.8 4.1 3.7 3.2 2.4 2.2 2.2 3.1 2.9 0.4 0.4 0.4 0.2 0.0 0.0 0.0
0.0 0.0 0.0 0.0 0.0 0.0 0.0 0.0 0.0 0.0 0.0 0.0 0.0 0.0 0.0 0.0 0.0 0.0 0.0 0.0 0.0 0.0 7.0 7.4 7.7 10.3 10.1 10.8 10.7 11.0 10.1 9.8 9.7 9.4 8.9 8.0 8.1 8.5 6.5 6.4 6.4 5.4 5.4 4.8 4.7 4.8 3.9 3.9 3.6 3.5 3.2 3.0 2.0 2.0 2.0 1.8 1.4 1.2 1.0 0.0
0.0 0.0 0.0 0.0 0.0 0.0 0.0 0.0 0.0 0.0 0.0 0.0 0.0 0.0 0.0 0.0 0.0 0.0 13.4 11.9 9.0 8.1 8.9 6.2 7.7 7.4 6.6 5.7 5.5 5.6 8.0 6.1 7.1 8.0 7.2 7.2 6.5 6.7 6.3 5.7 5.8 5.5 4.4 4.2 3.9 3.9 3.4 2.7 2.3 2.2 2.3 1.6 1.2 1.8 1.3 1.3 1.2 1.2 0.2 0.0
0.0 0.0 0.0 0.0 0.0 0.0 0.0 0.0 0.0 0.0 0.0 0.0 0.0 0.0 0.0 0.0 0.0 0.0 8.0 8.0 7.7 7.7 7.7 7.9 7.6 6.7 6.3 6.4 5.7 4.5 4.7 4.4 4.4 5.5 5.1 5.2 4.9 4.8 4.4 4.9 4.9 4.1 4.2 3.7 3.6 3.7 3.6 3.4 3.4 2.9 2.9 2.5 2.5 2.3 1.9 1.6 1.5 0.5 0.0 0.0
0.0 0.0 0.0 0.0 0.0 0.0 0.0 0.0 0.0 0.0 0.0 0.0 0.0 0.0 0.0 0.0 0.0 0.0 0.0 0.0 1.0 5.9 3.3 4.0 2.3 1.8 2.6 1.9 2.0 2.0 2.1 2.2 2.2 1.7 2.0 1.8 1.9 1.6 1.4 1.4 1.4 1.6 1.5 1.7 1.5 1.5 2.5 2.4 2.3 2.3 1.7 0.9 0.7 0.6 0.4 0.3 0.1 0.1 0.0 0.0
0.0 0.0 0.0 0.0 0.0 0.0 0.0 0.0 0.0 0.0 0.0 0.0 0.0 0.0 0.0 0.0 0.0 0.0 0.0 0.0 0.0 4.9 4.9 4.4 4.0 4.4 3.9 3.7 3.0 3.9 3.1 2.7 2.9 2.4 2.2 2.5 2.0 1.8 2.1 2.1 1.9 1.8 1.7 1.7 1.6 1.6 1.6 1.6 1.3 0.9 0.8 0.9 0.7 0.6 0.3 0.3 0.3 0.3 0.2 0.0
0.0 0.0 0.0 0.0 0.0 0.0 0.0 0.0 0.0 0.0 0.0 0.0 0.0 0.0 0.0 0.0 0.0 0.0 0.0 0.0 0.0 0.0 0.0 0.0 0.0 0.0 0.0 0.0 0.0 0.0 0.0 0.0 0.0 0.0 0.0 0.0 0.0 0.0 0.0 0.0 0.0 0.0 0.0 0.0 0.0 0.0 0.0 0.0 0.0 0.0 0.0 0.0 0.0 0.0 0.0 0.0 0.0 0.0 0.0 0.0
